0.000000000000e+00 2.000000000000e+00 2.000000000000e+00
1.000000000000e-03 1.990835592602e+00 1.990835594248e+00
2.000000000000e-03 1.981697451095e+00 1.981697454378e+00
3.000000000000e-03 1.972585486485e+00 1.972585491394e+00
4.000000000000e-03 1.963499610057e+00 1.963499616584e+00
5.000000000000e-03 1.954439733381e+00 1.954439741516e+00
6.000000000000e-03 1.945405768305e+00 1.945405778040e+00
7.000000000000e-03 1.936397626959e+00 1.936397638284e+00
8.000000000000e-03 1.927415221749e+00 1.927415234656e+00
9.000000000000e-03 1.918458465362e+00 1.918458479841e+00
1.000000000000e-02 1.909527270759e+00 1.909527286801e+00
1.100000000000e-02 1.900621551180e+00 1.900621568775e+00
1.200000000000e-02 1.891741220136e+00 1.891741239276e+00
1.300000000000e-02 1.882886191416e+00 1.882886212093e+00
1.400000000000e-02 1.874056379081e+00 1.874056401285e+00
1.500000000000e-02 1.865251697464e+00 1.865251721186e+00
1.600000000000e-02 1.856472061169e+00 1.856472086401e+00
1.700000000000e-02 1.847717385074e+00 1.847717411807e+00
1.800000000000e-02 1.838987584322e+00 1.838987612547e+00
1.900000000000e-02 1.830282574329e+00 1.830282604037e+00
2.000000000000e-02 1.821602270776e+00 1.821602301959e+00
2.100000000000e-02 1.812946589613e+00 1.812946622262e+00
2.200000000000e-02 1.804315447055e+00 1.804315481162e+00
2.300000000000e-02 1.795708759584e+00 1.795708795139e+00
2.400000000000e-02 1.787126443944e+00 1.787126480941e+00
2.500000000000e-02 1.778568417146e+00 1.778568455575e+00
2.600000000000e-02 1.770034596462e+00 1.770034636314e+00
2.700000000000e-02 1.761524899425e+00 1.761524940692e+00
2.800000000000e-02 1.753039243830e+00 1.753039286505e+00
2.900000000000e-02 1.744577547733e+00 1.744577591806e+00
3.000000000000e-02 1.736139729448e+00 1.736139774912e+00
3.100000000000e-02 1.727725707549e+00 1.727725754395e+00
3.200000000000e-02 1.719335400866e+00 1.719335449086e+00
3.300000000000e-02 1.710968728488e+00 1.710968778074e+00
3.400000000000e-02 1.702625609757e+00 1.702625660702e+00
3.500000000000e-02 1.694305964274e+00 1.694306016568e+00
3.600000000000e-02 1.686009711891e+00 1.686009765527e+00
3.700000000000e-02 1.677736772715e+00 1.677736827685e+00
3.800000000000e-02 1.669487067105e+00 1.669487123401e+00
3.900000000000e-02 1.661260515674e+00 1.661260573287e+00
4.000000000000e-02 1.653057039282e+00 1.653057098206e+00
4.100000000000e-02 1.644876559044e+00 1.644876619270e+00
4.200000000000e-02 1.636718996320e+00 1.636719057840e+00
4.300000000000e-02 1.628584272722e+00 1.628584335528e+00
4.400000000000e-02 1.620472310107e+00 1.620472374192e+00
4.500000000000e-02 1.612383030580e+00 1.612383095937e+00
4.600000000000e-02 1.604316356494e+00 1.604316423115e+00
4.700000000000e-02 1.596272210445e+00 1.596272278321e+00
4.800000000000e-02 1.588250515274e+00 1.588250584399e+00
4.900000000000e-02 1.580251194066e+00 1.580251264431e+00
5.000000000000e-02 1.572274170150e+00 1.572274241748e+00
5.100000000000e-02 1.564319367094e+00 1.564319439918e+00
5.200000000000e-02 1.556386708711e+00 1.556386782753e+00
5.300000000000e-02 1.548476119053e+00 1.548476194305e+00
5.400000000000e-02 1.540587522410e+00 1.540587598867e+00
5.500000000000e-02 1.532720843315e+00 1.532720920968e+00
5.600000000000e-02 1.524876006536e+00 1.524876085377e+00
5.700000000000e-02 1.517052937080e+00 1.517053017102e+00
5.800000000000e-02 1.509251560189e+00 1.509251641385e+00
5.900000000000e-02 1.501471801342e+00 1.501471883706e+00
6.000000000000e-02 1.493713586254e+00 1.493713669777e+00
6.100000000000e-02 1.485976840873e+00 1.485976925548e+00
6.200000000000e-02 1.478261491380e+00 1.478261577201e+00
6.300000000000e-02 1.470567464191e+00 1.470567551150e+00
6.400000000000e-02 1.462894685952e+00 1.462894774043e+00
6.500000000000e-02 1.455243083542e+00 1.455243172757e+00
6.600000000000e-02 1.447612584068e+00 1.447612674400e+00
6.700000000000e-02 1.440003114870e+00 1.440003206312e+00
6.800000000000e-02 1.432414603514e+00 1.432414696060e+00
6.900000000000e-02 1.424846977797e+00 1.424847071439e+00
7.000000000000e-02 1.417300165741e+00 1.417300260472e+00
7.100000000000e-02 1.409774095596e+00 1.409774191411e+00
7.200000000000e-02 1.402268695839e+00 1.402268792729e+00
7.300000000000e-02 1.394783895170e+00 1.394783993130e+00
7.400000000000e-02 1.387319622516e+00 1.387319721538e+00
7.500000000000e-02 1.379875807025e+00 1.379875907103e+00
7.600000000000e-02 1.372452378072e+00 1.372452479199e+00
7.700000000000e-02 1.365049265250e+00 1.365049367419e+00
7.800000000000e-02 1.357666398377e+00 1.357666501582e+00
7.900000000000e-02 1.350303707490e+00 1.350303811724e+00
8.000000000000e-02 1.342961122846e+00 1.342961228103e+00
8.100000000000e-02 1.335638574924e+00 1.335638681197e+00
8.200000000000e-02 1.328335994419e+00 1.328336101701e+00
8.300000000000e-02 1.321053312244e+00 1.321053420530e+00
8.400000000000e-02 1.313790459532e+00 1.313790568814e+00
8.500000000000e-02 1.306547367630e+00 1.306547477903e+00
8.600000000000e-02 1.299323968102e+00 1.299324079358e+00
8.700000000000e-02 1.292120192727e+00 1.292120304961e+00
8.800000000000e-02 1.284935973497e+00 1.284936086702e+00
8.900000000000e-02 1.277771242621e+00 1.277771356791e+00
9.000000000000e-02 1.270625932519e+00 1.270626047648e+00
9.100000000000e-02 1.263499975822e+00 1.263500091903e+00
9.200000000000e-02 1.256393305376e+00 1.256393422403e+00
9.300000000000e-02 1.249305854235e+00 1.249305972203e+00
9.400000000000e-02 1.242237555665e+00 1.242237674567e+00
9.500000000000e-02 1.235188343142e+00 1.235188462971e+00
9.600000000000e-02 1.228158150348e+00 1.228158271099e+00
9.700000000000e-02 1.221146911176e+00 1.221147032843e+00
9.800000000000e-02 1.214154559726e+00 1.214154682303e+00
9.900000000000e-02 1.207181030305e+00 1.207181153785e+00
1.000000000000e-01 1.200226257425e+00 1.200226381803e+00
1.010000000000e-01 1.193290175805e+00 1.193290301074e+00
1.020000000000e-01 1.186372720367e+00 1.186372846522e+00
1.030000000000e-01 1.179473826239e+00 1.179473953274e+00
1.040000000000e-01 1.172593428752e+00 1.172593556661e+00
1.050000000000e-01 1.165731463439e+00 1.165731592216e+00
1.060000000000e-01 1.158887866035e+00 1.158887995674e+00
1.070000000000e-01 1.152062572478e+00 1.152062702974e+00
1.080000000000e-01 1.145255518907e+00 1.145255650254e+00
1.090000000000e-01 1.138466641658e+00 1.138466773850e+00
1.100000000000e-01 1.131695877270e+00 1.131696010301e+00
1.110000000000e-01 1.124943162479e+00 1.124943296344e+00
1.120000000000e-01 1.118208434220e+00 1.118208568913e+00
1.130000000000e-01 1.111491629626e+00 1.111491765141e+00
1.140000000000e-01 1.104792686024e+00 1.104792822356e+00
1.150000000000e-01 1.098111540941e+00 1.098111678085e+00
1.160000000000e-01 1.091448132098e+00 1.091448270047e+00
1.170000000000e-01 1.084802397410e+00 1.084802536160e+00
1.180000000000e-01 1.078174274989e+00 1.078174414533e+00
1.190000000000e-01 1.071563703137e+00 1.071563843470e+00
1.200000000000e-01 1.064970620352e+00 1.064970761469e+00
1.210000000000e-01 1.058394965323e+00 1.058395107218e+00
1.220000000000e-01 1.051836676932e+00 1.051836819600e+00
1.230000000000e-01 1.045295694251e+00 1.045295837686e+00
1.240000000000e-01 1.038771956542e+00 1.038772100740e+00
1.250000000000e-01 1.032265403259e+00 1.032265548214e+00
1.260000000000e-01 1.025775974043e+00 1.025776119750e+00
1.270000000000e-01 1.019303608726e+00 1.019303755179e+00
1.280000000000e-01 1.012848247326e+00 1.012848394520e+00
1.290000000000e-01 1.006409830049e+00 1.006409977978e+00
1.300000000000e-01 9.999882972873e-01 9.999884459478e-01
1.310000000000e-01 9.935835896212e-01 9.935837390072e-01
1.320000000000e-01 9.871956478148e-01 9.871957979212e-01
1.330000000000e-01 9.808244128179e-01 9.808245636395e-01
1.340000000000e-01 9.744698257644e-01 9.744699772961e-01
1.350000000000e-01 9.681318279720e-01 9.681319802087e-01
1.360000000000e-01 9.618103609415e-01 9.618105138781e-01
1.370000000000e-01 9.555053663563e-01 9.555055199879e-01
1.380000000000e-01 9.492167860818e-01 9.492169404034e-01
1.390000000000e-01 9.429445621646e-01 9.429447171711e-01
1.400000000000e-01 9.366886368321e-01 9.366887925186e-01
1.410000000000e-01 9.304489524917e-01 9.304491088534e-01
1.420000000000e-01 9.242254517307e-01 9.242256087625e-01
1.430000000000e-01 9.180180773151e-01 9.180182350121e-01
1.440000000000e-01 9.118267721892e-01 9.118269305466e-01
1.450000000000e-01 9.056514794752e-01 9.056516384882e-01
1.460000000000e-01 8.994921424725e-01 8.994923021362e-01
1.470000000000e-01 8.933487046572e-01 8.933488649668e-01
1.480000000000e-01 8.872211096812e-01 8.872212706320e-01
1.490000000000e-01 8.811093013721e-01 8.811094629592e-01
1.500000000000e-01 8.750132237321e-01 8.750133859509e-01
1.510000000000e-01 8.689328209379e-01 8.689329837837e-01
1.520000000000e-01 8.628680373400e-01 8.628682008080e-01
1.530000000000e-01 8.568188174617e-01 8.568189815473e-01
1.540000000000e-01 8.507851059993e-01 8.507852706978e-01
1.550000000000e-01 8.447668478209e-01 8.447670131277e-01
1.560000000000e-01 8.387639879659e-01 8.387641538764e-01
1.570000000000e-01 8.327764716448e-01 8.327766381545e-01
1.580000000000e-01 8.268042442384e-01 8.268044113426e-01
1.590000000000e-01 8.208472512972e-01 8.208474189914e-01
1.600000000000e-01 8.149054385408e-01 8.149056068206e-01
1.610000000000e-01 8.089787518576e-01 8.089789207184e-01
1.620000000000e-01 8.030671373041e-01 8.030673067414e-01
1.630000000000e-01 7.971705411040e-01 7.971707111135e-01
1.640000000000e-01 7.912889096484e-01 7.912890802255e-01
1.650000000000e-01 7.854221894946e-01 7.854223606350e-01
1.660000000000e-01 7.795703273658e-01 7.795704990650e-01
1.670000000000e-01 7.737332701505e-01 7.737334424042e-01
1.680000000000e-01 7.679109649020e-01 7.679111377058e-01
1.690000000000e-01 7.621033588378e-01 7.621035321874e-01
1.700000000000e-01 7.563103993392e-01 7.563105732304e-01
1.710000000000e-01 7.505320339507e-01 7.505322083790e-01
1.720000000000e-01 7.447682103791e-01 7.447683853403e-01
1.730000000000e-01 7.390188764936e-01 7.390190519835e-01
1.740000000000e-01 7.332839803248e-01 7.332841563391e-01
1.750000000000e-01 7.275634700643e-01 7.275636465989e-01
1.760000000000e-01 7.218572940643e-01 7.218574711149e-01
1.770000000000e-01 7.161654008368e-01 7.161655783993e-01
1.780000000000e-01 7.104877390533e-01 7.104879171235e-01
1.790000000000e-01 7.048242575441e-01 7.048244361180e-01
1.800000000000e-01 6.991749052981e-01 6.991750843715e-01
1.810000000000e-01 6.935396314618e-01 6.935398110305e-01
1.820000000000e-01 6.879183853391e-01 6.879185653991e-01
1.830000000000e-01 6.823111163907e-01 6.823112969380e-01
1.840000000000e-01 6.767177742337e-01 6.767179552642e-01
1.850000000000e-01 6.711383086407e-01 6.711384901505e-01
1.860000000000e-01 6.655726695399e-01 6.655728515249e-01
1.870000000000e-01 6.600208070139e-01 6.600209894701e-01
1.880000000000e-01 6.544826712999e-01 6.544828542233e-01
1.890000000000e-01 6.489582127883e-01 6.489583961751e-01
1.900000000000e-01 6.434473820233e-01 6.434475658695e-01
1.910000000000e-01 6.379501297014e-01 6.379503140031e-01
1.920000000000e-01 6.324664066714e-01 6.324665914247e-01
1.930000000000e-01 6.269961639339e-01 6.269963491350e-01
1.940000000000e-01 6.215393526406e-01 6.215395382855e-01
1.950000000000e-01 6.160959240938e-01 6.160961101788e-01
1.960000000000e-01 6.106658297461e-01 6.106660162673e-01
1.970000000000e-01 6.052490211999e-01 6.052492081536e-01
1.980000000000e-01 5.998454502066e-01 5.998456375890e-01
1.990000000000e-01 5.944550686665e-01 5.944552564738e-01
2.000000000000e-01 5.890778286279e-01 5.890780168564e-01
2.010000000000e-01 5.837136822870e-01 5.837138709329e-01
2.020000000000e-01 5.783625819872e-01 5.783627710468e-01
2.030000000000e-01 5.730244802186e-01 5.730246696882e-01
2.040000000000e-01 5.676993296176e-01 5.676995194936e-01
2.050000000000e-01 5.623870829663e-01 5.623872732450e-01
2.060000000000e-01 5.570876931922e-01 5.570878838699e-01
2.070000000000e-01 5.518011133675e-01 5.518013044407e-01
2.080000000000e-01 5.465272967089e-01 5.465274881740e-01
2.090000000000e-01 5.412661965769e-01 5.412663884302e-01
2.100000000000e-01 5.360177664752e-01 5.360179587131e-01
2.110000000000e-01 5.307819600506e-01 5.307821526697e-01
2.120000000000e-01 5.255587310922e-01 5.255589240889e-01
2.130000000000e-01 5.203480335312e-01 5.203482269020e-01
2.140000000000e-01 5.151498214402e-01 5.151500151815e-01
2.150000000000e-01 5.099640490329e-01 5.099642431412e-01
2.160000000000e-01 5.047906706633e-01 5.047908651353e-01
2.170000000000e-01 4.996296408257e-01 4.996298356578e-01
2.180000000000e-01 4.944809141541e-01 4.944811093429e-01
2.190000000000e-01 4.893444454214e-01 4.893446409635e-01
2.200000000000e-01 4.842201895394e-01 4.842203854314e-01
2.210000000000e-01 4.791081015580e-01 4.791082977964e-01
2.220000000000e-01 4.740081366650e-01 4.740083332465e-01
2.230000000000e-01 4.689202501853e-01 4.689204471066e-01
2.240000000000e-01 4.638443975809e-01 4.638445948386e-01
2.250000000000e-01 4.587805344502e-01 4.587807320409e-01
2.260000000000e-01 4.537286165274e-01 4.537288144478e-01
2.270000000000e-01 4.486885996821e-01 4.486887979291e-01
2.280000000000e-01 4.436604399194e-01 4.436606384895e-01
2.290000000000e-01 4.386440933785e-01 4.386442922685e-01
2.300000000000e-01 4.336395163331e-01 4.336397155398e-01
2.310000000000e-01 4.286466651905e-01 4.286468647106e-01
2.320000000000e-01 4.236654964912e-01 4.236656963214e-01
2.330000000000e-01 4.186959669085e-01 4.186961670458e-01
2.340000000000e-01 4.137380332483e-01 4.137382336894e-01
2.350000000000e-01 4.087916524482e-01 4.087918531899e-01
2.360000000000e-01 4.038567815775e-01 4.038569826167e-01
2.370000000000e-01 3.989333778364e-01 3.989335791699e-01
2.380000000000e-01 3.940213985558e-01 3.940216001804e-01
2.390000000000e-01 3.891208011968e-01 3.891210031095e-01
2.400000000000e-01 3.842315433502e-01 3.842317455479e-01
2.410000000000e-01 3.793535827363e-01 3.793537852159e-01
2.420000000000e-01 3.744868772041e-01 3.744870799624e-01
2.430000000000e-01 3.696313847312e-01 3.696315877653e-01
2.440000000000e-01 3.647870634231e-01 3.647872667299e-01
2.450000000000e-01 3.599538715131e-01 3.599540750895e-01
2.460000000000e-01 3.551317673616e-01 3.551319712047e-01
2.470000000000e-01 3.503207094557e-01 3.503209135625e-01
2.480000000000e-01 3.455206564091e-01 3.455208607765e-01
2.490000000000e-01 3.407315669610e-01 3.407317715861e-01
2.500000000000e-01 3.359533999766e-01 3.359536048564e-01
2.510000000000e-01 3.311861144457e-01 3.311863195773e-01
2.520000000000e-01 3.264296694832e-01 3.264298748636e-01
2.530000000000e-01 3.216840243279e-01 3.216842299543e-01
2.540000000000e-01 3.169491383428e-01 3.169493442122e-01
2.550000000000e-01 3.122249710140e-01 3.122251771235e-01
2.560000000000e-01 3.075114819508e-01 3.075116882975e-01
2.570000000000e-01 3.028086308850e-01 3.028088374661e-01
2.580000000000e-01 2.981163776708e-01 2.981165844834e-01
2.590000000000e-01 2.934346822839e-01 2.934348893252e-01
2.600000000000e-01 2.887635048215e-01 2.887637120888e-01
2.610000000000e-01 2.841028055020e-01 2.841030129923e-01
2.620000000000e-01 2.794525446641e-01 2.794527523746e-01
2.630000000000e-01 2.748126827667e-01 2.748128906947e-01
2.640000000000e-01 2.701831803886e-01 2.701833885313e-01
2.650000000000e-01 2.655639982279e-01 2.655642065825e-01
2.660000000000e-01 2.609550971017e-01 2.609553056655e-01
2.670000000000e-01 2.563564379456e-01 2.563566467158e-01
2.680000000000e-01 2.517679818134e-01 2.517681907874e-01
2.690000000000e-01 2.471896898769e-01 2.471898990519e-01
2.700000000000e-01 2.426215234249e-01 2.426217327982e-01
2.710000000000e-01 2.380634438635e-01 2.380636534325e-01
2.720000000000e-01 2.335154127154e-01 2.335156224773e-01
2.730000000000e-01 2.289773916193e-01 2.289776015715e-01
2.740000000000e-01 2.244493423300e-01 2.244495524699e-01
2.750000000000e-01 2.199312267175e-01 2.199314370424e-01
2.760000000000e-01 2.154230067671e-01 2.154232172744e-01
2.770000000000e-01 2.109246445785e-01 2.109248552656e-01
2.780000000000e-01 2.064361023660e-01 2.064363132303e-01
2.790000000000e-01 2.019573424575e-01 2.019575534964e-01
2.800000000000e-01 1.974883272946e-01 1.974885385055e-01
2.810000000000e-01 1.930290194321e-01 1.930292308125e-01
2.820000000000e-01 1.885793815374e-01 1.885795930847e-01
2.830000000000e-01 1.841393763903e-01 1.841395881020e-01
2.840000000000e-01 1.797089668828e-01 1.797091787564e-01
2.850000000000e-01 1.752881160185e-01 1.752883280514e-01
2.860000000000e-01 1.708767869120e-01 1.708769991017e-01
2.870000000000e-01 1.664749427890e-01 1.664751551331e-01
2.880000000000e-01 1.620825469858e-01 1.620827594817e-01
2.890000000000e-01 1.576995629487e-01 1.576997755940e-01
2.900000000000e-01 1.533259542338e-01 1.533261670260e-01
2.910000000000e-01 1.489616845066e-01 1.489618974434e-01
2.920000000000e-01 1.446067175418e-01 1.446069306206e-01
2.930000000000e-01 1.402610172226e-01 1.402612304410e-01
2.940000000000e-01 1.359245475406e-01 1.359247608963e-01
2.950000000000e-01 1.315972725953e-01 1.315974860858e-01
2.960000000000e-01 1.272791565939e-01 1.272793702168e-01
2.970000000000e-01 1.229701638507e-01 1.229703776036e-01
2.980000000000e-01 1.186702587869e-01 1.186704726675e-01
2.990000000000e-01 1.143794059303e-01 1.143796199362e-01
3.000000000000e-01 1.100975699147e-01 1.100977840436e-01
3.010000000000e-01 1.058247154798e-01 1.058249297294e-01
3.020000000000e-01 1.015608074708e-01 1.015610218387e-01
3.030000000000e-01 9.730581083789e-02 9.730602532173e-02
3.040000000000e-01 9.305969063596e-02 9.305990523350e-02
3.050000000000e-01 8.882241202439e-02 8.882262673333e-02
3.060000000000e-01 8.459394026652e-02 8.459415508457e-02
3.070000000000e-01 8.037424072939e-02 8.037445565429e-02
3.080000000000e-01 7.616327888339e-02 7.616349391287e-02
3.090000000000e-01 7.196102030188e-02 7.196123543369e-02
3.100000000000e-01 6.776743066086e-02 6.776764589275e-02
3.110000000000e-01 6.358247573862e-02 6.358269106837e-02
3.120000000000e-01 5.940612141542e-02 5.940633684080e-02
3.130000000000e-01 5.523833367310e-02 5.523854919191e-02
3.140000000000e-01 5.107907859479e-02 5.107929420482e-02
3.150000000000e-01 4.692832236453e-02 4.692853806359e-02
3.160000000000e-01 4.278603126695e-02 4.278624705286e-02
3.170000000000e-01 3.865217168693e-02 3.865238755752e-02
3.180000000000e-01 3.452671010924e-02 3.452692606235e-02
3.190000000000e-01 3.040961311825e-02 3.040982915172e-02
3.200000000000e-01 2.630084739754e-02 2.630106350924e-02
3.210000000000e-01 2.220037972961e-02 2.220059591740e-02
3.220000000000e-01 1.810817699552e-02 1.810839325728e-02
3.230000000000e-01 1.402420617457e-02 1.402442250819e-02
3.240000000000e-01 9.948434343961e-03 9.948650747334e-03
3.250000000000e-01 5.880828678474e-03 5.881045149509e-03
3.260000000000e-01 1.821356450133e-03 1.821572986745e-03
3.270000000000e-01 -2.230014972119e-03 -2.229798372004e-03
3.280000000000e-01 -6.273318122750e-03 -6.273101461197e-03
3.290000000000e-01 -1.030858543996e-02 -1.030836871903e-02
3.300000000000e-01 -1.433584926602e-02 -1.433563248775e-02
3.310000000000e-01 -1.835514184756e-02 -1.835492501399e-02
3.320000000000e-01 -2.236649533595e-02 -2.236627844911e-02
3.330000000000e-01 -2.636994178756e-02 -2.636972484947e-02
3.340000000000e-01 -3.036551316413e-02 -3.036529617680e-02
3.350000000000e-01 -3.435324133306e-02 -3.435302429849e-02
3.360000000000e-01 -3.833315806774e-02 -3.833294098792e-02
3.370000000000e-01 -4.230529504786e-02 -4.230507792478e-02
3.380000000000e-01 -4.626968385975e-02 -4.626946669538e-02
3.390000000000e-01 -5.022635599666e-02 -5.022613879297e-02
3.400000000000e-01 -5.417534285910e-02 -5.417512561804e-02
3.410000000000e-01 -5.811667575516e-02 -5.811645847868e-02
3.420000000000e-01 -6.205038590079e-02 -6.205016859083e-02
3.430000000000e-01 -6.597650442014e-02 -6.597628707863e-02
3.440000000000e-01 -6.989506234587e-02 -6.989484497473e-02
3.450000000000e-01 -7.380609061944e-02 -7.380587322059e-02
3.460000000000e-01 -7.770962009144e-02 -7.770940266678e-02
3.470000000000e-01 -8.160568152189e-02 -8.160546407331e-02
3.480000000000e-01 -8.549430558053e-02 -8.549408810993e-02
3.490000000000e-01 -8.937552284717e-02 -8.937530535642e-02
3.500000000000e-01 -9.324936381194e-02 -9.324914630291e-02
3.510000000000e-01 -9.711585887564e-02 -9.711564135020e-02
3.520000000000e-01 -1.009750383500e-01 -1.009748208100e-01
3.530000000000e-01 -1.048269324581e-01 -1.048267149053e-01
3.540000000000e-01 -1.086715713343e-01 -1.086713537708e-01
3.550000000000e-01 -1.125089850253e-01 -1.125087674526e-01
3.560000000000e-01 -1.163392034894e-01 -1.163389859096e-01
3.570000000000e-01 -1.201622565978e-01 -1.201620390126e-01
3.580000000000e-01 -1.239781741343e-01 -1.239779565454e-01
3.590000000000e-01 -1.277869857955e-01 -1.277867682049e-01
3.600000000000e-01 -1.315887211919e-01 -1.315885036012e-01
3.610000000000e-01 -1.353834098470e-01 -1.353831922581e-01
3.620000000000e-01 -1.391710811987e-01 -1.391708636134e-01
3.630000000000e-01 -1.429517645990e-01 -1.429515470189e-01
3.640000000000e-01 -1.467254893142e-01 -1.467252717413e-01
3.650000000000e-01 -1.504922845258e-01 -1.504920669617e-01
3.660000000000e-01 -1.542521793301e-01 -1.542519617765e-01
3.670000000000e-01 -1.580052027388e-01 -1.580049851975e-01
3.680000000000e-01 -1.617513836794e-01 -1.617511661521e-01
3.690000000000e-01 -1.654907509953e-01 -1.654905334838e-01
3.700000000000e-01 -1.692233334461e-01 -1.692231159521e-01
3.710000000000e-01 -1.729491597081e-01 -1.729489422332e-01
3.720000000000e-01 -1.766682583742e-01 -1.766680409202e-01
3.730000000000e-01 -1.803806579544e-01 -1.803804405230e-01
3.740000000000e-01 -1.840863868764e-01 -1.840861694692e-01
3.750000000000e-01 -1.877854734852e-01 -1.877852561040e-01
3.760000000000e-01 -1.914779460439e-01 -1.914777286903e-01
3.770000000000e-01 -1.951638327339e-01 -1.951636154095e-01
3.780000000000e-01 -1.988431616549e-01 -1.988429443613e-01
3.790000000000e-01 -2.025159608255e-01 -2.025157435645e-01
3.800000000000e-01 -2.061822581834e-01 -2.061820409566e-01
3.810000000000e-01 -2.098420815855e-01 -2.098418643946e-01
3.820000000000e-01 -2.134954588086e-01 -2.134952416551e-01
3.830000000000e-01 -2.171424175490e-01 -2.171422004346e-01
3.840000000000e-01 -2.207829854234e-01 -2.207827683497e-01
3.850000000000e-01 -2.244171899688e-01 -2.244169729374e-01
3.860000000000e-01 -2.280450586431e-01 -2.280448416557e-01
3.870000000000e-01 -2.316666188251e-01 -2.316664018831e-01
3.880000000000e-01 -2.352818978146e-01 -2.352816809197e-01
3.890000000000e-01 -2.388909228332e-01 -2.388907059870e-01
3.900000000000e-01 -2.424937210243e-01 -2.424935042283e-01
3.910000000000e-01 -2.460903194531e-01 -2.460901027089e-01
3.920000000000e-01 -2.496807451074e-01 -2.496805284165e-01
3.930000000000e-01 -2.532650248973e-01 -2.532648082614e-01
3.940000000000e-01 -2.568431856561e-01 -2.568429690766e-01
3.950000000000e-01 -2.604152541398e-01 -2.604150376183e-01
3.960000000000e-01 -2.639812570281e-01 -2.639810405661e-01
3.970000000000e-01 -2.675412209242e-01 -2.675410045233e-01
3.980000000000e-01 -2.710951723552e-01 -2.710949560169e-01
3.990000000000e-01 -2.746431377725e-01 -2.746429214983e-01
4.000000000000e-01 -2.781851435517e-01 -2.781849273431e-01
4.010000000000e-01 -2.817212159933e-01 -2.817209998518e-01
4.020000000000e-01 -2.852513813226e-01 -2.852511652497e-01
4.030000000000e-01 -2.887756656901e-01 -2.887754496873e-01
4.040000000000e-01 -2.922940951719e-01 -2.922938792406e-01
4.050000000000e-01 -2.958066957696e-01 -2.958064799114e-01
4.060000000000e-01 -2.993134934109e-01 -2.993132776272e-01
4.070000000000e-01 -3.028145139496e-01 -3.028142982419e-01
4.080000000000e-01 -3.063097831663e-01 -3.063095675360e-01
4.090000000000e-01 -3.097993267679e-01 -3.097991112166e-01
4.100000000000e-01 -3.132831703886e-01 -3.132829549176e-01
4.110000000000e-01 -3.167613395897e-01 -3.167611242004e-01
4.120000000000e-01 -3.202338598598e-01 -3.202336445538e-01
4.130000000000e-01 -3.237007566157e-01 -3.237005413943e-01
4.140000000000e-01 -3.271620552018e-01 -3.271618400665e-01
4.150000000000e-01 -3.306177808907e-01 -3.306175658429e-01
4.160000000000e-01 -3.340679588838e-01 -3.340677439249e-01
4.170000000000e-01 -3.375126143110e-01 -3.375123994424e-01
4.180000000000e-01 -3.409517722311e-01 -3.409515574542e-01
4.190000000000e-01 -3.443854576323e-01 -3.443852429486e-01
4.200000000000e-01 -3.478136954322e-01 -3.478134808429e-01
4.210000000000e-01 -3.512365104780e-01 -3.512362959846e-01
4.220000000000e-01 -3.546539275470e-01 -3.546537131508e-01
4.230000000000e-01 -3.580659713465e-01 -3.580657570490e-01
4.240000000000e-01 -3.614726665144e-01 -3.614724523169e-01
4.250000000000e-01 -3.648740376193e-01 -3.648738235231e-01
4.260000000000e-01 -3.682701091604e-01 -3.682698951670e-01
4.270000000000e-01 -3.716609055685e-01 -3.716606916791e-01
4.280000000000e-01 -3.750464512053e-01 -3.750462374214e-01
4.290000000000e-01 -3.784267703646e-01 -3.784265566874e-01
4.300000000000e-01 -3.818018872716e-01 -3.818016737025e-01
4.310000000000e-01 -3.851718260840e-01 -3.851716126243e-01
4.320000000000e-01 -3.885366108915e-01 -3.885363975426e-01
4.330000000000e-01 -3.918962657167e-01 -3.918960524798e-01
4.340000000000e-01 -3.952508145146e-01 -3.952506013911e-01
4.350000000000e-01 -3.986002811736e-01 -3.986000681648e-01
4.360000000000e-01 -4.019446895152e-01 -4.019444766224e-01
4.370000000000e-01 -4.052840632943e-01 -4.052838505188e-01
4.380000000000e-01 -4.086184261998e-01 -4.086182135429e-01
4.390000000000e-01 -4.119478018542e-01 -4.119475893171e-01
4.400000000000e-01 -4.152722138144e-01 -4.152720013986e-01
4.410000000000e-01 -4.185916855718e-01 -4.185914732784e-01
4.420000000000e-01 -4.219062405523e-01 -4.219060283826e-01
4.430000000000e-01 -4.252159021166e-01 -4.252156900719e-01
4.440000000000e-01 -4.285206935607e-01 -4.285204816423e-01
4.450000000000e-01 -4.318206381158e-01 -4.318204263248e-01
4.460000000000e-01 -4.351157589486e-01 -4.351155472864e-01
4.470000000000e-01 -4.384060791616e-01 -4.384058676294e-01
4.480000000000e-01 -4.416916217934e-01 -4.416914103925e-01
4.490000000000e-01 -4.449724098187e-01 -4.449721985504e-01
4.500000000000e-01 -4.482484661488e-01 -4.482482550142e-01
4.510000000000e-01 -4.515198136314e-01 -4.515196026317e-01
4.520000000000e-01 -4.547864750513e-01 -4.547862641878e-01
4.530000000000e-01 -4.580484731303e-01 -4.580482624042e-01
4.540000000000e-01 -4.613058305275e-01 -4.613056199401e-01
4.550000000000e-01 -4.645585698397e-01 -4.645583593922e-01
4.560000000000e-01 -4.678067136013e-01 -4.678065032948e-01
4.570000000000e-01 -4.710502842847e-01 -4.710500741205e-01
4.580000000000e-01 -4.742893043005e-01 -4.742890942798e-01
4.590000000000e-01 -4.775237959978e-01 -4.775235861218e-01
4.600000000000e-01 -4.807537816642e-01 -4.807535719340e-01
4.610000000000e-01 -4.839792835262e-01 -4.839790739431e-01
4.620000000000e-01 -4.872003237493e-01 -4.872001143145e-01
4.630000000000e-01 -4.904169244384e-01 -4.904167151530e-01
4.640000000000e-01 -4.936291076377e-01 -4.936288985029e-01
4.650000000000e-01 -4.968368953313e-01 -4.968366863482e-01
4.660000000000e-01 -5.000403094429e-01 -5.000401006127e-01
4.670000000000e-01 -5.032393718366e-01 -5.032391631605e-01
4.680000000000e-01 -5.064341043167e-01 -5.064338957959e-01
4.690000000000e-01 -5.096245286280e-01 -5.096243202636e-01
4.700000000000e-01 -5.128106664562e-01 -5.128104582493e-01
4.710000000000e-01 -5.159925394277e-01 -5.159923313796e-01
4.720000000000e-01 -5.191701691103e-01 -5.191699612220e-01
4.730000000000e-01 -5.223435770130e-01 -5.223433692857e-01
4.740000000000e-01 -5.255127845864e-01 -5.255125770212e-01
4.750000000000e-01 -5.286778132230e-01 -5.286776058211e-01
4.760000000000e-01 -5.318386842571e-01 -5.318384770195e-01
4.770000000000e-01 -5.349954189653e-01 -5.349952118932e-01
4.780000000000e-01 -5.381480385665e-01 -5.381478316611e-01
4.790000000000e-01 -5.412965642223e-01 -5.412963574846e-01
4.800000000000e-01 -5.444410170370e-01 -5.444408104681e-01
4.810000000000e-01 -5.475814180580e-01 -5.475812116590e-01
4.820000000000e-01 -5.507177882756e-01 -5.507175820478e-01
4.830000000000e-01 -5.538501486240e-01 -5.538499425683e-01
4.840000000000e-01 -5.569785199805e-01 -5.569783140981e-01
4.850000000000e-01 -5.601029231666e-01 -5.601027174584e-01
4.860000000000e-01 -5.632233789474e-01 -5.632231734147e-01
4.870000000000e-01 -5.663399080325e-01 -5.663397026763e-01
4.880000000000e-01 -5.694525310757e-01 -5.694523258971e-01
4.890000000000e-01 -5.725612686756e-01 -5.725610636757e-01
4.900000000000e-01 -5.756661413753e-01 -5.756659365552e-01
4.910000000000e-01 -5.787671696631e-01 -5.787669650238e-01
4.920000000000e-01 -5.818643739724e-01 -5.818641695150e-01
4.930000000000e-01 -5.849577746819e-01 -5.849575704074e-01
4.940000000000e-01 -5.880473921159e-01 -5.880471880254e-01
4.950000000000e-01 -5.911332465445e-01 -5.911330426391e-01
4.960000000000e-01 -5.942153581838e-01 -5.942151544645e-01
4.970000000000e-01 -5.972937471958e-01 -5.972935436637e-01
4.980000000000e-01 -6.003684336890e-01 -6.003682303451e-01
4.990000000000e-01 -6.034394377184e-01 -6.034392345638e-01
5.000000000000e-01 -6.065067792857e-01 -6.065065763214e-01
5.010000000000e-01 -6.095704783395e-01 -6.095702755666e-01
5.020000000000e-01 -6.126305547755e-01 -6.126303521949e-01
5.030000000000e-01 -6.156870284366e-01 -6.156868260494e-01
5.040000000000e-01 -6.187399191132e-01 -6.187397169205e-01
5.050000000000e-01 -6.217892465435e-01 -6.217890445463e-01
5.060000000000e-01 -6.248350304132e-01 -6.248348286125e-01
5.070000000000e-01 -6.278772903564e-01 -6.278770887532e-01
5.080000000000e-01 -6.309160459551e-01 -6.309158445504e-01
5.090000000000e-01 -6.339513167399e-01 -6.339511155347e-01
5.100000000000e-01 -6.369831221898e-01 -6.369829211851e-01
5.110000000000e-01 -6.400114817327e-01 -6.400112809296e-01
5.120000000000e-01 -6.430364147454e-01 -6.430362141449e-01
5.130000000000e-01 -6.460579405538e-01 -6.460577401568e-01
5.140000000000e-01 -6.490760784331e-01 -6.490758782407e-01
5.150000000000e-01 -6.520908476080e-01 -6.520906476212e-01
5.160000000000e-01 -6.551022672530e-01 -6.551020674727e-01
5.170000000000e-01 -6.581103564922e-01 -6.581101569194e-01
5.180000000000e-01 -6.611151343998e-01 -6.611149350356e-01
5.190000000000e-01 -6.641166200005e-01 -6.641164208457e-01
5.200000000000e-01 -6.671148322689e-01 -6.671146333246e-01
5.210000000000e-01 -6.701097901305e-01 -6.701095913977e-01
5.220000000000e-01 -6.731015124614e-01 -6.731013139410e-01
5.230000000000e-01 -6.760900180888e-01 -6.760898197818e-01
5.240000000000e-01 -6.790753257908e-01 -6.790751276981e-01
5.250000000000e-01 -6.820574542967e-01 -6.820572564194e-01
5.260000000000e-01 -6.850364222876e-01 -6.850362246266e-01
5.270000000000e-01 -6.880122483958e-01 -6.880120509521e-01
5.280000000000e-01 -6.909849512057e-01 -6.909847539802e-01
5.290000000000e-01 -6.939545492535e-01 -6.939543522472e-01
5.300000000000e-01 -6.969210610276e-01 -6.969208642414e-01
5.310000000000e-01 -6.998845049688e-01 -6.998843084037e-01
5.320000000000e-01 -7.028448994701e-01 -7.028447031271e-01
5.330000000000e-01 -7.058022628776e-01 -7.058020667575e-01
5.340000000000e-01 -7.087566134898e-01 -7.087564175936e-01
5.350000000000e-01 -7.117079695584e-01 -7.117077738871e-01
5.360000000000e-01 -7.146563492883e-01 -7.146561538428e-01
5.370000000000e-01 -7.176017708377e-01 -7.176015756189e-01
5.380000000000e-01 -7.205442523181e-01 -7.205440573270e-01
5.390000000000e-01 -7.234838117951e-01 -7.234836170326e-01
5.400000000000e-01 -7.264204672877e-01 -7.264202727548e-01
5.410000000000e-01 -7.293542367693e-01 -7.293540424668e-01
5.420000000000e-01 -7.322851381671e-01 -7.322849440960e-01
5.430000000000e-01 -7.352131893629e-01 -7.352129955241e-01
5.440000000000e-01 -7.381384081930e-01 -7.381382145874e-01
5.450000000000e-01 -7.410608124482e-01 -7.410606190767e-01
5.460000000000e-01 -7.439804198743e-01 -7.439802267379e-01
5.470000000000e-01 -7.468972481720e-01 -7.468970552715e-01
5.480000000000e-01 -7.498113149972e-01 -7.498111223337e-01
5.490000000000e-01 -7.527226379612e-01 -7.527224455354e-01
5.500000000000e-01 -7.556312346307e-01 -7.556310424436e-01
5.510000000000e-01 -7.585371225281e-01 -7.585369305806e-01
5.520000000000e-01 -7.614403191315e-01 -7.614401274245e-01
5.530000000000e-01 -7.643408418751e-01 -7.643406504096e-01
5.540000000000e-01 -7.672387081493e-01 -7.672385169261e-01
5.550000000000e-01 -7.701339353007e-01 -7.701337443206e-01
5.560000000000e-01 -7.730265406322e-01 -7.730263498963e-01
5.570000000000e-01 -7.759165414036e-01 -7.759163509126e-01
5.580000000000e-01 -7.788039548313e-01 -7.788037645862e-01
5.590000000000e-01 -7.816887980887e-01 -7.816886080904e-01
5.600000000000e-01 -7.845710883063e-01 -7.845708985556e-01
5.610000000000e-01 -7.874508425717e-01 -7.874506530696e-01
5.620000000000e-01 -7.903280779302e-01 -7.903278886774e-01
5.630000000000e-01 -7.932028113842e-01 -7.932026223818e-01
5.640000000000e-01 -7.960750598944e-01 -7.960748711431e-01
5.650000000000e-01 -7.989448403788e-01 -7.989446518796e-01
5.660000000000e-01 -8.018121697139e-01 -8.018119814676e-01
5.670000000000e-01 -8.046770647340e-01 -8.046768767415e-01
5.680000000000e-01 -8.075395422320e-01 -8.075393544942e-01
5.690000000000e-01 -8.103996189592e-01 -8.103994314768e-01
5.700000000000e-01 -8.132573116255e-01 -8.132571243995e-01
5.710000000000e-01 -8.161126368995e-01 -8.161124499308e-01
5.720000000000e-01 -8.189656114090e-01 -8.189654246985e-01
5.730000000000e-01 -8.218162517408e-01 -8.218160652892e-01
5.740000000000e-01 -8.246645744408e-01 -8.246643882491e-01
5.750000000000e-01 -8.275105960144e-01 -8.275104100834e-01
5.760000000000e-01 -8.303543329266e-01 -8.303541472572e-01
5.770000000000e-01 -8.331958016021e-01 -8.331956161950e-01
5.780000000000e-01 -8.360350184252e-01 -8.360348332815e-01
5.790000000000e-01 -8.388719997406e-01 -8.388718148610e-01
5.800000000000e-01 -8.417067618528e-01 -8.417065772382e-01
5.810000000000e-01 -8.445393210268e-01 -8.445391366780e-01
5.820000000000e-01 -8.473696934879e-01 -8.473695094058e-01
5.830000000000e-01 -8.501978954221e-01 -8.501977116074e-01
5.840000000000e-01 -8.530239429760e-01 -8.530237594297e-01
5.850000000000e-01 -8.558478522571e-01 -8.558476689801e-01
5.860000000000e-01 -8.586696393342e-01 -8.586694563272e-01
5.870000000000e-01 -8.614893202369e-01 -8.614891375008e-01
5.880000000000e-01 -8.643069109562e-01 -8.643067284918e-01
5.890000000000e-01 -8.671224274447e-01 -8.671222452528e-01
5.900000000000e-01 -8.699358856164e-01 -8.699357036980e-01
5.910000000000e-01 -8.727473013473e-01 -8.727471197032e-01
5.920000000000e-01 -8.755566904751e-01 -8.755565091060e-01
5.930000000000e-01 -8.783640687996e-01 -8.783638877064e-01
5.940000000000e-01 -8.811694520826e-01 -8.811692712662e-01
5.950000000000e-01 -8.839728560485e-01 -8.839726755096e-01
5.960000000000e-01 -8.867742963840e-01 -8.867741161234e-01
5.970000000000e-01 -8.895737887383e-01 -8.895736087570e-01
5.980000000000e-01 -8.923713487235e-01 -8.923711690222e-01
5.990000000000e-01 -8.951669919146e-01 -8.951668124941e-01
6.000000000000e-01 -8.979607338493e-01 -8.979605547106e-01
6.010000000000e-01 -9.007525900289e-01 -9.007524111727e-01
6.020000000000e-01 -9.035425759177e-01 -9.035423973448e-01
6.030000000000e-01 -9.063307069435e-01 -9.063305286547e-01
6.040000000000e-01 -9.091169984977e-01 -9.091168204938e-01
6.050000000000e-01 -9.119014659353e-01 -9.119012882172e-01
6.060000000000e-01 -9.146841245752e-01 -9.146839471437e-01
6.070000000000e-01 -9.174649897004e-01 -9.174648125563e-01
6.080000000000e-01 -9.202440765578e-01 -9.202438997019e-01
6.090000000000e-01 -9.230214003587e-01 -9.230212237919e-01
6.100000000000e-01 -9.257969762788e-01 -9.257968000018e-01
6.110000000000e-01 -9.285708194581e-01 -9.285706434718e-01
6.120000000000e-01 -9.313429450016e-01 -9.313427693068e-01
6.130000000000e-01 -9.341133679788e-01 -9.341131925762e-01
6.140000000000e-01 -9.368821034243e-01 -9.368819283148e-01
6.150000000000e-01 -9.396491663376e-01 -9.396489915220e-01
6.160000000000e-01 -9.424145716835e-01 -9.424143971625e-01
6.170000000000e-01 -9.451783343920e-01 -9.451781601666e-01
6.180000000000e-01 -9.479404693588e-01 -9.479402954296e-01
6.190000000000e-01 -9.507009914450e-01 -9.507008178129e-01
6.200000000000e-01 -9.534599154773e-01 -9.534597421431e-01
6.210000000000e-01 -9.562172562484e-01 -9.562170832129e-01
6.220000000000e-01 -9.589730285171e-01 -9.589728557811e-01
6.230000000000e-01 -9.617272470080e-01 -9.617270745723e-01
6.240000000000e-01 -9.644799264123e-01 -9.644797542776e-01
6.250000000000e-01 -9.672310813871e-01 -9.672309095544e-01
6.260000000000e-01 -9.699807265565e-01 -9.699805550264e-01
6.270000000000e-01 -9.727288765108e-01 -9.727287052842e-01
6.280000000000e-01 -9.754755458074e-01 -9.754753748850e-01
6.290000000000e-01 -9.782207489702e-01 -9.782205783529e-01
6.300000000000e-01 -9.809645004904e-01 -9.809643301790e-01
6.310000000000e-01 -9.837068148263e-01 -9.837066448215e-01
6.320000000000e-01 -9.864477064033e-01 -9.864475367060e-01
6.330000000000e-01 -9.891871896144e-01 -9.891870202253e-01
6.340000000000e-01 -9.919252788198e-01 -9.919251097397e-01
6.350000000000e-01 -9.946619883477e-01 -9.946618195774e-01
6.360000000000e-01 -9.973973324938e-01 -9.973971640341e-01
6.370000000000e-01 -1.000131325522e+00 -1.000131157374e+00
6.380000000000e-01 -1.002863981663e+00 -1.002863813827e+00
6.390000000000e-01 -1.005595315118e+00 -1.005595147595e+00
6.400000000000e-01 -1.008325340055e+00 -1.008325172845e+00
6.410000000000e-01 -1.011054070609e+00 -1.011053903714e+00
6.420000000000e-01 -1.013781520886e+00 -1.013781354306e+00
6.430000000000e-01 -1.016507704959e+00 -1.016507538696e+00
6.440000000000e-01 -1.019232636871e+00 -1.019232470925e+00
6.450000000000e-01 -1.021956330633e+00 -1.021956165004e+00
6.460000000000e-01 -1.024678800225e+00 -1.024678634915e+00
6.470000000000e-01 -1.027400059597e+00 -1.027399894605e+00
6.480000000000e-01 -1.030120122666e+00 -1.030119957994e+00
6.490000000000e-01 -1.032839003320e+00 -1.032838838970e+00
6.500000000000e-01 -1.035556715418e+00 -1.035556551389e+00
6.510000000000e-01 -1.038273272786e+00 -1.038273109079e+00
6.520000000000e-01 -1.040988689220e+00 -1.040988525837e+00
6.530000000000e-01 -1.043702978487e+00 -1.043702815428e+00
6.540000000000e-01 -1.046416154324e+00 -1.046415991589e+00
6.550000000000e-01 -1.049128230436e+00 -1.049128068026e+00
6.560000000000e-01 -1.051839220501e+00 -1.051839058417e+00
6.570000000000e-01 -1.054549138165e+00 -1.054548976408e+00
6.580000000000e-01 -1.057257997045e+00 -1.057257835617e+00
6.590000000000e-01 -1.059965810731e+00 -1.059965649631e+00
6.600000000000e-01 -1.062672592779e+00 -1.062672432009e+00
6.610000000000e-01 -1.065378356720e+00 -1.065378196280e+00
6.620000000000e-01 -1.068083116053e+00 -1.068082955944e+00
6.630000000000e-01 -1.070786884251e+00 -1.070786724473e+00
6.640000000000e-01 -1.073489674754e+00 -1.073489515308e+00
6.650000000000e-01 -1.076191500976e+00 -1.076191341864e+00
6.660000000000e-01 -1.078892376303e+00 -1.078892217524e+00
6.670000000000e-01 -1.081592314090e+00 -1.081592155647e+00
6.680000000000e-01 -1.084291327666e+00 -1.084291169558e+00
6.690000000000e-01 -1.086989430329e+00 -1.086989272558e+00
6.700000000000e-01 -1.089686635352e+00 -1.089686477917e+00
6.710000000000e-01 -1.092382955977e+00 -1.092382798880e+00
6.720000000000e-01 -1.095078405420e+00 -1.095078248662e+00
6.730000000000e-01 -1.097772996868e+00 -1.097772840449e+00
6.740000000000e-01 -1.100466743480e+00 -1.100466587401e+00
6.750000000000e-01 -1.103159658388e+00 -1.103159502651e+00
6.760000000000e-01 -1.105851754698e+00 -1.105851599302e+00
6.770000000000e-01 -1.108543045485e+00 -1.108542890432e+00
6.780000000000e-01 -1.111233543800e+00 -1.111233389090e+00
6.790000000000e-01 -1.113923262665e+00 -1.113923108299e+00
6.800000000000e-01 -1.116612215075e+00 -1.116612061053e+00
6.810000000000e-01 -1.119300413998e+00 -1.119300260322e+00
6.820000000000e-01 -1.121987872376e+00 -1.121987719047e+00
6.830000000000e-01 -1.124674603124e+00 -1.124674450142e+00
6.840000000000e-01 -1.127360619130e+00 -1.127360466496e+00
6.850000000000e-01 -1.130045933255e+00 -1.130045780969e+00
6.860000000000e-01 -1.132730558334e+00 -1.132730406397e+00
6.870000000000e-01 -1.135414507175e+00 -1.135414355589e+00
6.880000000000e-01 -1.138097792562e+00 -1.138097641327e+00
6.890000000000e-01 -1.140780427250e+00 -1.140780276367e+00
6.900000000000e-01 -1.143462423970e+00 -1.143462273439e+00
6.910000000000e-01 -1.146143795426e+00 -1.146143645249e+00
6.920000000000e-01 -1.148824554297e+00 -1.148824404473e+00
6.930000000000e-01 -1.151504713234e+00 -1.151504563766e+00
6.940000000000e-01 -1.154184284867e+00 -1.154184135754e+00
6.950000000000e-01 -1.156863281795e+00 -1.156863133039e+00
6.960000000000e-01 -1.159541716596e+00 -1.159541568197e+00
6.970000000000e-01 -1.162219601821e+00 -1.162219453780e+00
6.980000000000e-01 -1.164896949996e+00 -1.164896802313e+00
6.990000000000e-01 -1.167573773620e+00 -1.167573626297e+00
7.000000000000e-01 -1.170250085170e+00 -1.170249938207e+00
7.010000000000e-01 -1.172925897098e+00 -1.172925750495e+00
7.020000000000e-01 -1.175601221828e+00 -1.175601075587e+00
7.030000000000e-01 -1.178276071763e+00 -1.178275925885e+00
7.040000000000e-01 -1.180950459279e+00 -1.180950313764e+00
7.050000000000e-01 -1.183624396728e+00 -1.183624251578e+00
7.060000000000e-01 -1.186297896440e+00 -1.186297751654e+00
7.070000000000e-01 -1.188970970717e+00 -1.188970826297e+00
7.080000000000e-01 -1.191643631839e+00 -1.191643487785e+00
7.090000000000e-01 -1.194315892061e+00 -1.194315748375e+00
7.100000000000e-01 -1.196987763616e+00 -1.196987620298e+00
7.110000000000e-01 -1.199659258711e+00 -1.199659115761e+00
7.120000000000e-01 -1.202330389530e+00 -1.202330246950e+00
7.130000000000e-01 -1.205001168232e+00 -1.205001026023e+00
7.140000000000e-01 -1.207671606956e+00 -1.207671465117e+00
7.150000000000e-01 -1.210341717814e+00 -1.210341576347e+00
7.160000000000e-01 -1.213011512895e+00 -1.213011371801e+00
7.170000000000e-01 -1.215681004267e+00 -1.215680863546e+00
7.180000000000e-01 -1.218350203973e+00 -1.218350063626e+00
7.190000000000e-01 -1.221019124032e+00 -1.221018984061e+00
7.200000000000e-01 -1.223687776444e+00 -1.223687636848e+00
7.210000000000e-01 -1.226356173181e+00 -1.226356033962e+00
7.220000000000e-01 -1.229024326196e+00 -1.229024187354e+00
7.230000000000e-01 -1.231692247418e+00 -1.231692108953e+00
7.240000000000e-01 -1.234359948752e+00 -1.234359810667e+00
7.250000000000e-01 -1.237027442083e+00 -1.237027304378e+00
7.260000000000e-01 -1.239694739273e+00 -1.239694601948e+00
7.270000000000e-01 -1.242361852160e+00 -1.242361715216e+00
7.280000000000e-01 -1.245028792562e+00 -1.245028656000e+00
7.290000000000e-01 -1.247695572273e+00 -1.247695436093e+00
7.300000000000e-01 -1.250362203065e+00 -1.250362067269e+00
7.310000000000e-01 -1.253028696691e+00 -1.253028561279e+00
7.320000000000e-01 -1.255695064879e+00 -1.255694929852e+00
7.330000000000e-01 -1.258361319336e+00 -1.258361184695e+00
7.340000000000e-01 -1.261027471747e+00 -1.261027337493e+00
7.350000000000e-01 -1.263693533778e+00 -1.263693399911e+00
7.360000000000e-01 -1.266359517070e+00 -1.266359383591e+00
7.370000000000e-01 -1.269025433245e+00 -1.269025300155e+00
7.380000000000e-01 -1.271691293902e+00 -1.271691161203e+00
7.390000000000e-01 -1.274357110621e+00 -1.274356978312e+00
7.400000000000e-01 -1.277022894959e+00 -1.277022763041e+00
7.410000000000e-01 -1.279688658453e+00 -1.279688526927e+00
7.420000000000e-01 -1.282354412618e+00 -1.282354281485e+00
7.430000000000e-01 -1.285020168949e+00 -1.285020038211e+00
7.440000000000e-01 -1.287685938922e+00 -1.287685808577e+00
7.450000000000e-01 -1.290351733988e+00 -1.290351604039e+00
7.460000000000e-01 -1.293017565581e+00 -1.293017436029e+00
7.470000000000e-01 -1.295683445114e+00 -1.295683315958e+00
7.480000000000e-01 -1.298349383979e+00 -1.298349255221e+00
7.490000000000e-01 -1.301015393547e+00 -1.301015265188e+00
7.500000000000e-01 -1.303681485171e+00 -1.303681357211e+00
7.510000000000e-01 -1.306347670181e+00 -1.306347542621e+00
7.520000000000e-01 -1.309013959890e+00 -1.309013832731e+00
7.530000000000e-01 -1.311680365589e+00 -1.311680238831e+00
7.540000000000e-01 -1.314346898549e+00 -1.314346772194e+00
7.550000000000e-01 -1.317013570023e+00 -1.317013444071e+00
7.560000000000e-01 -1.319680391243e+00 -1.319680265695e+00
7.570000000000e-01 -1.322347373422e+00 -1.322347248279e+00
7.580000000000e-01 -1.325014527753e+00 -1.325014403016e+00
7.590000000000e-01 -1.327681865410e+00 -1.327681741079e+00
7.600000000000e-01 -1.330349397547e+00 -1.330349273623e+00
7.610000000000e-01 -1.333017135300e+00 -1.333017011784e+00
7.620000000000e-01 -1.335685089785e+00 -1.335684966678e+00
7.630000000000e-01 -1.338353272098e+00 -1.338353149401e+00
7.640000000000e-01 -1.341021693319e+00 -1.341021571032e+00
7.650000000000e-01 -1.343690364506e+00 -1.343690242630e+00
7.660000000000e-01 -1.346359296699e+00 -1.346359175236e+00
7.670000000000e-01 -1.349028500921e+00 -1.349028379871e+00
7.680000000000e-01 -1.351697988174e+00 -1.351697867538e+00
7.690000000000e-01 -1.354367769443e+00 -1.354367649221e+00
7.700000000000e-01 -1.357037855694e+00 -1.357037735887e+00
7.710000000000e-01 -1.359708257875e+00 -1.359708138484e+00
7.720000000000e-01 -1.362378986914e+00 -1.362378867940e+00
7.730000000000e-01 -1.365050053723e+00 -1.365049935167e+00
7.740000000000e-01 -1.367721469195e+00 -1.367721351058e+00
7.750000000000e-01 -1.370393244205e+00 -1.370393126487e+00
7.760000000000e-01 -1.373065389610e+00 -1.373065272312e+00
7.770000000000e-01 -1.375737916248e+00 -1.375737799371e+00
7.780000000000e-01 -1.378410834942e+00 -1.378410718486e+00
7.790000000000e-01 -1.381084156494e+00 -1.381084040461e+00
7.800000000000e-01 -1.383757891690e+00 -1.383757776081e+00
7.810000000000e-01 -1.386432051299e+00 -1.386431936115e+00
7.820000000000e-01 -1.389106646072e+00 -1.389106531312e+00
7.830000000000e-01 -1.391781686742e+00 -1.391781572408e+00
7.840000000000e-01 -1.394457184025e+00 -1.394457070118e+00
7.850000000000e-01 -1.397133148620e+00 -1.397133035141e+00
7.860000000000e-01 -1.399809591209e+00 -1.399809478158e+00
7.870000000000e-01 -1.402486522456e+00 -1.402486409834e+00
7.880000000000e-01 -1.405163953009e+00 -1.405163840817e+00
7.890000000000e-01 -1.407841893499e+00 -1.407841781738e+00
7.900000000000e-01 -1.410520354539e+00 -1.410520243210e+00
7.910000000000e-01 -1.413199346727e+00 -1.413199235830e+00
7.920000000000e-01 -1.415878880643e+00 -1.415878770180e+00
7.930000000000e-01 -1.418558966852e+00 -1.418558856822e+00
7.940000000000e-01 -1.421239615899e+00 -1.421239506305e+00
7.950000000000e-01 -1.423920838316e+00 -1.423920729158e+00
7.960000000000e-01 -1.426602644618e+00 -1.426602535897e+00
7.970000000000e-01 -1.429285045303e+00 -1.429284937019e+00
7.980000000000e-01 -1.431968050853e+00 -1.431967943007e+00
7.990000000000e-01 -1.434651671733e+00 -1.434651564326e+00
8.000000000000e-01 -1.437335918393e+00 -1.437335811427e+00
8.010000000000e-01 -1.440020801268e+00 -1.440020694742e+00
8.020000000000e-01 -1.442706330774e+00 -1.442706224690e+00
8.030000000000e-01 -1.445392517315e+00 -1.445392411674e+00
8.040000000000e-01 -1.448079371276e+00 -1.448079266078e+00
8.050000000000e-01 -1.450766903028e+00 -1.450766798274e+00
8.060000000000e-01 -1.453455122926e+00 -1.453455018618e+00
8.070000000000e-01 -1.456144041310e+00 -1.456143937447e+00
8.080000000000e-01 -1.458833668503e+00 -1.458833565087e+00
8.090000000000e-01 -1.461524014814e+00 -1.461523911846e+00
8.100000000000e-01 -1.464215090537e+00 -1.464214988018e+00
8.110000000000e-01 -1.466906905950e+00 -1.466906803880e+00
8.120000000000e-01 -1.469599471315e+00 -1.469599369695e+00
8.130000000000e-01 -1.472292796881e+00 -1.472292695712e+00
8.140000000000e-01 -1.474986892881e+00 -1.474986792164e+00
8.150000000000e-01 -1.477681769532e+00 -1.477681669268e+00
8.160000000000e-01 -1.480377437038e+00 -1.480377337227e+00
8.170000000000e-01 -1.483073905586e+00 -1.483073806230e+00
8.180000000000e-01 -1.485771185351e+00 -1.485771086451e+00
8.190000000000e-01 -1.488469286492e+00 -1.488469188048e+00
8.200000000000e-01 -1.491168219153e+00 -1.491168121165e+00
8.210000000000e-01 -1.493867993463e+00 -1.493867895934e+00
8.220000000000e-01 -1.496568619539e+00 -1.496568522469e+00
8.230000000000e-01 -1.499270107482e+00 -1.499270010871e+00
8.240000000000e-01 -1.501972467378e+00 -1.501972371228e+00
8.250000000000e-01 -1.504675709300e+00 -1.504675613611e+00
8.260000000000e-01 -1.507379843307e+00 -1.507379748081e+00
8.270000000000e-01 -1.510084879443e+00 -1.510084784680e+00
8.280000000000e-01 -1.512790827739e+00 -1.512790733440e+00
8.290000000000e-01 -1.515497698211e+00 -1.515497604377e+00
8.300000000000e-01 -1.518205500863e+00 -1.518205407494e+00
8.310000000000e-01 -1.520914245682e+00 -1.520914152780e+00
8.320000000000e-01 -1.523623942645e+00 -1.523623850210e+00
8.330000000000e-01 -1.526334601712e+00 -1.526334509746e+00
8.340000000000e-01 -1.529046232833e+00 -1.529046141336e+00
8.350000000000e-01 -1.531758845941e+00 -1.531758754914e+00
8.360000000000e-01 -1.534472450958e+00 -1.534472360402e+00
8.370000000000e-01 -1.537187057791e+00 -1.537186967707e+00
8.380000000000e-01 -1.539902676335e+00 -1.539902586725e+00
8.390000000000e-01 -1.542619316472e+00 -1.542619227335e+00
8.400000000000e-01 -1.545336988068e+00 -1.545336899406e+00
8.410000000000e-01 -1.548055700981e+00 -1.548055612794e+00
8.420000000000e-01 -1.550775465051e+00 -1.550775377341e+00
8.430000000000e-01 -1.553496290107e+00 -1.553496202874e+00
8.440000000000e-01 -1.556218185966e+00 -1.556218099212e+00
8.450000000000e-01 -1.558941162431e+00 -1.558941076156e+00
8.460000000000e-01 -1.561665229294e+00 -1.561665143499e+00
8.470000000000e-01 -1.564390396331e+00 -1.564390311017e+00
8.480000000000e-01 -1.567116673308e+00 -1.567116588476e+00
8.490000000000e-01 -1.569844069979e+00 -1.569843985629e+00
8.500000000000e-01 -1.572572596083e+00 -1.572572512217e+00
8.510000000000e-01 -1.575302261349e+00 -1.575302177967e+00
8.520000000000e-01 -1.578033075492e+00 -1.578032992596e+00
8.530000000000e-01 -1.580765048215e+00 -1.580764965805e+00
8.540000000000e-01 -1.583498189210e+00 -1.583498107288e+00
8.550000000000e-01 -1.586232508156e+00 -1.586232426722e+00
8.560000000000e-01 -1.588968014719e+00 -1.588967933774e+00
8.570000000000e-01 -1.591704718555e+00 -1.591704638101e+00
8.580000000000e-01 -1.594442629307e+00 -1.594442549344e+00
8.590000000000e-01 -1.597181756606e+00 -1.597181677134e+00
8.600000000000e-01 -1.599922110071e+00 -1.599922031092e+00
8.610000000000e-01 -1.602663699309e+00 -1.602663620824e+00
8.620000000000e-01 -1.605406533918e+00 -1.605406455927e+00
8.630000000000e-01 -1.608150623480e+00 -1.608150545985e+00
8.640000000000e-01 -1.610895977568e+00 -1.610895900570e+00
8.650000000000e-01 -1.613642605745e+00 -1.613642529244e+00
8.660000000000e-01 -1.616390517560e+00 -1.616390441557e+00
8.670000000000e-01 -1.619139722550e+00 -1.619139647047e+00
8.680000000000e-01 -1.621890230244e+00 -1.621890155242e+00
8.690000000000e-01 -1.624642050158e+00 -1.624641975656e+00
8.700000000000e-01 -1.627395191795e+00 -1.627395117796e+00
8.710000000000e-01 -1.630149664651e+00 -1.630149591154e+00
8.720000000000e-01 -1.632905478206e+00 -1.632905405214e+00
8.730000000000e-01 -1.635662641934e+00 -1.635662569447e+00
8.740000000000e-01 -1.638421165295e+00 -1.638421093313e+00
8.750000000000e-01 -1.641181057738e+00 -1.641180986263e+00
8.760000000000e-01 -1.643942328703e+00 -1.643942257736e+00
8.770000000000e-01 -1.646704987618e+00 -1.646704917160e+00
8.780000000000e-01 -1.649469043901e+00 -1.649468973952e+00
8.790000000000e-01 -1.652234506958e+00 -1.652234437521e+00
8.800000000000e-01 -1.655001386188e+00 -1.655001317262e+00
8.810000000000e-01 -1.657769690974e+00 -1.657769622561e+00
8.820000000000e-01 -1.660539430694e+00 -1.660539362795e+00
8.830000000000e-01 -1.663310614713e+00 -1.663310547328e+00
8.840000000000e-01 -1.666083252385e+00 -1.666083185515e+00
8.850000000000e-01 -1.668857353055e+00 -1.668857286702e+00
8.860000000000e-01 -1.671632926058e+00 -1.671632860222e+00
8.870000000000e-01 -1.674409980718e+00 -1.674409915401e+00
8.880000000000e-01 -1.677188526350e+00 -1.677188461552e+00
8.890000000000e-01 -1.679968572258e+00 -1.679968507980e+00
8.900000000000e-01 -1.682750127736e+00 -1.682750063980e+00
8.910000000000e-01 -1.685533202070e+00 -1.685533138836e+00
8.920000000000e-01 -1.688317804534e+00 -1.688317741823e+00
8.930000000000e-01 -1.691103944393e+00 -1.691103882206e+00
8.940000000000e-01 -1.693891630902e+00 -1.693891569240e+00
8.950000000000e-01 -1.696680873307e+00 -1.696680812172e+00
8.960000000000e-01 -1.699471680845e+00 -1.699471620237e+00
8.970000000000e-01 -1.702264062741e+00 -1.702264002661e+00
8.980000000000e-01 -1.705058028213e+00 -1.705057968663e+00
8.990000000000e-01 -1.707853586470e+00 -1.707853527449e+00
9.000000000000e-01 -1.710650746708e+00 -1.710650688219e+00
9.010000000000e-01 -1.713449518118e+00 -1.713449460161e+00
9.020000000000e-01 -1.716249909879e+00 -1.716249852455e+00
9.030000000000e-01 -1.719051931162e+00 -1.719051874272e+00
9.040000000000e-01 -1.721855591128e+00 -1.721855534774e+00
9.050000000000e-01 -1.724660898931e+00 -1.724660843113e+00
9.060000000000e-01 -1.727467863714e+00 -1.727467808432e+00
9.070000000000e-01 -1.730276494611e+00 -1.730276439868e+00
9.080000000000e-01 -1.733086800748e+00 -1.733086746544e+00
9.090000000000e-01 -1.735898791243e+00 -1.735898737579e+00
9.100000000000e-01 -1.738712475203e+00 -1.738712422080e+00
9.110000000000e-01 -1.741527861728e+00 -1.741527809148e+00
9.120000000000e-01 -1.744344959909e+00 -1.744344907872e+00
9.130000000000e-01 -1.747163778827e+00 -1.747163727335e+00
9.140000000000e-01 -1.749984327558e+00 -1.749984276610e+00
9.150000000000e-01 -1.752806615165e+00 -1.752806564764e+00
9.160000000000e-01 -1.755630650706e+00 -1.755630600852e+00
9.170000000000e-01 -1.758456443230e+00 -1.758456393924e+00
9.180000000000e-01 -1.761284001775e+00 -1.761283953019e+00
9.190000000000e-01 -1.764113335375e+00 -1.764113287169e+00
9.200000000000e-01 -1.766944453053e+00 -1.766944405398e+00
9.210000000000e-01 -1.769777363824e+00 -1.769777316722e+00
9.220000000000e-01 -1.772612076696e+00 -1.772612030147e+00
9.230000000000e-01 -1.775448600668e+00 -1.775448554674e+00
9.240000000000e-01 -1.778286944731e+00 -1.778286899293e+00
9.250000000000e-01 -1.781127117870e+00 -1.781127072988e+00
9.260000000000e-01 -1.783969129059e+00 -1.783969084735e+00
9.270000000000e-01 -1.786812987267e+00 -1.786812943502e+00
9.280000000000e-01 -1.789658701454e+00 -1.789658658248e+00
9.290000000000e-01 -1.792506280571e+00 -1.792506237927e+00
9.300000000000e-01 -1.795355733564e+00 -1.795355691481e+00
9.310000000000e-01 -1.798207069370e+00 -1.798207027850e+00
9.320000000000e-01 -1.801060296917e+00 -1.801060255961e+00
9.330000000000e-01 -1.803915425129e+00 -1.803915384738e+00
9.340000000000e-01 -1.806772462920e+00 -1.806772423095e+00
9.350000000000e-01 -1.809631419197e+00 -1.809631379939e+00
9.360000000000e-01 -1.812492302859e+00 -1.812492264170e+00
9.370000000000e-01 -1.815355122801e+00 -1.815355084681e+00
9.380000000000e-01 -1.818219887906e+00 -1.818219850356e+00
9.390000000000e-01 -1.821086607053e+00 -1.821086570075e+00
9.400000000000e-01 -1.823955289113e+00 -1.823955252708e+00
9.410000000000e-01 -1.826825942951e+00 -1.826825907119e+00
9.420000000000e-01 -1.829698577423e+00 -1.829698542166e+00
9.430000000000e-01 -1.832573201380e+00 -1.832573166698e+00
9.440000000000e-01 -1.835449823663e+00 -1.835449789559e+00
9.450000000000e-01 -1.838328453111e+00 -1.838328419584e+00
9.460000000000e-01 -1.841209098552e+00 -1.841209065604e+00
9.470000000000e-01 -1.844091768809e+00 -1.844091736441e+00
9.480000000000e-01 -1.846976472697e+00 -1.846976440911e+00
9.490000000000e-01 -1.849863219028e+00 -1.849863187824e+00
9.500000000000e-01 -1.852752016602e+00 -1.852751985981e+00
9.510000000000e-01 -1.855642874216e+00 -1.855642844181e+00
9.520000000000e-01 -1.858535800661e+00 -1.858535771211e+00
9.530000000000e-01 -1.861430804719e+00 -1.861430775856e+00
9.540000000000e-01 -1.864327895168e+00 -1.864327866892e+00
9.550000000000e-01 -1.867227080777e+00 -1.867227053090e+00
9.560000000000e-01 -1.870128370312e+00 -1.870128343215e+00
9.570000000000e-01 -1.873031772529e+00 -1.873031746024e+00
9.580000000000e-01 -1.875937296182e+00 -1.875937270269e+00
9.590000000000e-01 -1.878844950015e+00 -1.878844924695e+00
9.600000000000e-01 -1.881754742769e+00 -1.881754718043e+00
9.610000000000e-01 -1.884666683176e+00 -1.884666659046e+00
9.620000000000e-01 -1.887580779965e+00 -1.887580756431e+00
9.630000000000e-01 -1.890497041856e+00 -1.890497018921e+00
9.640000000000e-01 -1.893415477567e+00 -1.893415455230e+00
9.650000000000e-01 -1.896336095806e+00 -1.896336074070e+00
9.660000000000e-01 -1.899258905277e+00 -1.899258884143e+00
9.670000000000e-01 -1.902183914680e+00 -1.902183894148e+00
9.680000000000e-01 -1.905111132707e+00 -1.905111112778e+00
9.690000000000e-01 -1.908040568044e+00 -1.908040548720e+00
9.700000000000e-01 -1.910972229374e+00 -1.910972210656e+00
9.710000000000e-01 -1.913906125372e+00 -1.913906107260e+00
9.720000000000e-01 -1.916842264708e+00 -1.916842247205e+00
9.730000000000e-01 -1.919780656047e+00 -1.919780639153e+00
9.740000000000e-01 -1.922721308050e+00 -1.922721291766e+00
9.750000000000e-01 -1.925664229370e+00 -1.925664213698e+00
9.760000000000e-01 -1.928609428655e+00 -1.928609413596e+00
9.770000000000e-01 -1.931556914550e+00 -1.931556900105e+00
9.780000000000e-01 -1.934506695694e+00 -1.934506681864e+00
9.790000000000e-01 -1.937458780718e+00 -1.937458767504e+00
9.800000000000e-01 -1.940413178252e+00 -1.940413165656e+00
9.810000000000e-01 -1.943369896919e+00 -1.943369884941e+00
9.820000000000e-01 -1.946328945336e+00 -1.946328933978e+00
9.830000000000e-01 -1.949290332117e+00 -1.949290321379e+00
9.840000000000e-01 -1.952254065869e+00 -1.952254055754e+00
9.850000000000e-01 -1.955220155197e+00 -1.955220145705e+00
9.860000000000e-01 -1.958188608699e+00 -1.958188599831e+00
9.870000000000e-01 -1.961159434967e+00 -1.961159426725e+00
9.880000000000e-01 -1.964132642592e+00 -1.964132634977e+00
9.890000000000e-01 -1.967108240158e+00 -1.967108233170e+00
9.900000000000e-01 -1.970086236243e+00 -1.970086229885e+00
9.910000000000e-01 -1.973066639424e+00 -1.973066633696e+00
9.920000000000e-01 -1.976049458270e+00 -1.976049453174e+00
9.930000000000e-01 -1.979034701348e+00 -1.979034696885e+00
9.940000000000e-01 -1.982022377220e+00 -1.982022373390e+00
9.950000000000e-01 -1.985012494441e+00 -1.985012491247e+00
9.960000000000e-01 -1.988005061566e+00 -1.988005059008e+00
9.970000000000e-01 -1.991000087142e+00 -1.991000085222e+00
9.980000000000e-01 -1.993997579714e+00 -1.993997578432e+00
9.990000000000e-01 -1.996997547821e+00 -1.996997547180e+00
1.000000000000e+00 -2.000000000000e+00 -2.000000000000e+00
