0.000000000000e+00 -2.452774531703e-05
1.000000000000e-03 1.998026501244e-06
2.000000000000e-03 2.847080775843e-05
3.000000000000e-03 5.489081011123e-05
4.000000000000e-03 8.125824457696e-05
5.000000000000e-03 1.075733215322e-04
6.000000000000e-03 1.338362507122e-04
7.000000000000e-03 1.600472412094e-04
8.000000000000e-03 1.862065014734e-04
9.000000000000e-03 2.123142393093e-04
1.000000000000e-02 2.383706618772e-04
1.100000000000e-02 2.643759756914e-04
1.200000000000e-02 2.903303866192e-04
1.300000000000e-02 3.162340998804e-04
1.400000000000e-02 3.420873200461e-04
1.500000000000e-02 3.678902510379e-04
1.600000000000e-02 3.936430961271e-04
1.700000000000e-02 4.193460579339e-04
1.800000000000e-02 4.449993384260e-04
1.900000000000e-02 4.706031389185e-04
2.000000000000e-02 4.961576600724e-04
2.100000000000e-02 5.216631018940e-04
2.200000000000e-02 5.471196637339e-04
2.300000000000e-02 5.725275442860e-04
2.400000000000e-02 5.978869415869e-04
2.500000000000e-02 6.231980530149e-04
2.600000000000e-02 6.484610752888e-04
2.700000000000e-02 6.736762044676e-04
2.800000000000e-02 6.988436359491e-04
2.900000000000e-02 7.239635644691e-04
3.000000000000e-02 7.490361841008e-04
3.100000000000e-02 7.740616882533e-04
3.200000000000e-02 7.990402696716e-04
3.300000000000e-02 8.239721204348e-04
3.400000000000e-02 8.488574319556e-04
3.500000000000e-02 8.736963949796e-04
3.600000000000e-02 8.984891995841e-04
3.700000000000e-02 9.232360351772e-04
3.800000000000e-02 9.479370904970e-04
3.900000000000e-02 9.725925536108e-04
4.000000000000e-02 9.972026119138e-04
4.100000000000e-02 1.021767452129e-03
4.200000000000e-02 1.046287260305e-03
4.300000000000e-02 1.070762221816e-03
4.400000000000e-02 1.095192521362e-03
4.500000000000e-02 1.119578342964e-03
4.600000000000e-02 1.143919869969e-03
4.700000000000e-02 1.168217285043e-03
4.800000000000e-02 1.192470770175e-03
4.900000000000e-02 1.216680506672e-03
5.000000000000e-02 1.240846675161e-03
5.100000000000e-02 1.264969455589e-03
5.200000000000e-02 1.289049027216e-03
5.300000000000e-02 1.313085568623e-03
5.400000000000e-02 1.337079257703e-03
5.500000000000e-02 1.361030271665e-03
5.600000000000e-02 1.384938787031e-03
5.700000000000e-02 1.408804979637e-03
5.800000000000e-02 1.432629024628e-03
5.900000000000e-02 1.456411096463e-03
6.000000000000e-02 1.480151368908e-03
6.100000000000e-02 1.503850015040e-03
6.200000000000e-02 1.527507207243e-03
6.300000000000e-02 1.551123117209e-03
6.400000000000e-02 1.574697915935e-03
6.500000000000e-02 1.598231773724e-03
6.600000000000e-02 1.621724860184e-03
6.700000000000e-02 1.645177344225e-03
6.800000000000e-02 1.668589394059e-03
6.900000000000e-02 1.691961177203e-03
7.000000000000e-02 1.715292860470e-03
7.100000000000e-02 1.738584609975e-03
7.200000000000e-02 1.761836591133e-03
7.300000000000e-02 1.785048968655e-03
7.400000000000e-02 1.808221906549e-03
7.500000000000e-02 1.831355568118e-03
7.600000000000e-02 1.854450115964e-03
7.700000000000e-02 1.877505711977e-03
7.800000000000e-02 1.900522517346e-03
7.900000000000e-02 1.923500692548e-03
8.000000000000e-02 1.946440397354e-03
8.100000000000e-02 1.969341790823e-03
8.200000000000e-02 1.992205031304e-03
8.300000000000e-02 2.015030276436e-03
8.400000000000e-02 2.037817683144e-03
8.500000000000e-02 2.060567407639e-03
8.600000000000e-02 2.083279605419e-03
8.700000000000e-02 2.105954431266e-03
8.800000000000e-02 2.128592039246e-03
8.900000000000e-02 2.151192582706e-03
9.000000000000e-02 2.173756214277e-03
9.100000000000e-02 2.196283085869e-03
9.200000000000e-02 2.218773348674e-03
9.300000000000e-02 2.241227153161e-03
9.400000000000e-02 2.263644649078e-03
9.500000000000e-02 2.286025985449e-03
9.600000000000e-02 2.308371310575e-03
9.700000000000e-02 2.330680772032e-03
9.800000000000e-02 2.352954516669e-03
9.900000000000e-02 2.375192690610e-03
1.000000000000e-01 2.397395439249e-03
1.010000000000e-01 2.419562907254e-03
1.020000000000e-01 2.441695238560e-03
1.030000000000e-01 2.463792576375e-03
1.040000000000e-01 2.485855063171e-03
1.050000000000e-01 2.507882840691e-03
1.060000000000e-01 2.529876049944e-03
1.070000000000e-01 2.551834831202e-03
1.080000000000e-01 2.573759324003e-03
1.090000000000e-01 2.595649667151e-03
1.100000000000e-01 2.617505998707e-03
1.110000000000e-01 2.639328455999e-03
1.120000000000e-01 2.661117175612e-03
1.130000000000e-01 2.682872293393e-03
1.140000000000e-01 2.704593944445e-03
1.150000000000e-01 2.726282263132e-03
1.160000000000e-01 2.747937383071e-03
1.170000000000e-01 2.769559437138e-03
1.180000000000e-01 2.791148557462e-03
1.190000000000e-01 2.812704875425e-03
1.200000000000e-01 2.834228521665e-03
1.210000000000e-01 2.855719626068e-03
1.220000000000e-01 2.877178317772e-03
1.230000000000e-01 2.898604725167e-03
1.240000000000e-01 2.919998975890e-03
1.250000000000e-01 2.941361196824e-03
1.260000000000e-01 2.962691514103e-03
1.270000000000e-01 2.983990053103e-03
1.280000000000e-01 3.005256938448e-03
1.290000000000e-01 3.026492294003e-03
1.300000000000e-01 3.047696242879e-03
1.310000000000e-01 3.068868907427e-03
1.320000000000e-01 3.090010409238e-03
1.330000000000e-01 3.111120869145e-03
1.340000000000e-01 3.132200407219e-03
1.350000000000e-01 3.153249142769e-03
1.360000000000e-01 3.174267194341e-03
1.370000000000e-01 3.195254679717e-03
1.380000000000e-01 3.216211715913e-03
1.390000000000e-01 3.237138419181e-03
1.400000000000e-01 3.258034905004e-03
1.410000000000e-01 3.278901288098e-03
1.420000000000e-01 3.299737682409e-03
1.430000000000e-01 3.320544201113e-03
1.440000000000e-01 3.341320956617e-03
1.450000000000e-01 3.362068060553e-03
1.460000000000e-01 3.382785623782e-03
1.470000000000e-01 3.403473756389e-03
1.480000000000e-01 3.424132567686e-03
1.490000000000e-01 3.444762166208e-03
1.500000000000e-01 3.465362659711e-03
1.510000000000e-01 3.485934155176e-03
1.520000000000e-01 3.506476758804e-03
1.530000000000e-01 3.526990576013e-03
1.540000000000e-01 3.547475711444e-03
1.550000000000e-01 3.567932268952e-03
1.560000000000e-01 3.588360351612e-03
1.570000000000e-01 3.608760061713e-03
1.580000000000e-01 3.629131500758e-03
1.590000000000e-01 3.649474769466e-03
1.600000000000e-01 3.669789967766e-03
1.610000000000e-01 3.690077194800e-03
1.620000000000e-01 3.710336548922e-03
1.630000000000e-01 3.730568127693e-03
1.640000000000e-01 3.750772027884e-03
1.650000000000e-01 3.770948345473e-03
1.660000000000e-01 3.791097175646e-03
1.670000000000e-01 3.811218612791e-03
1.680000000000e-01 3.831312750505e-03
1.690000000000e-01 3.851379681586e-03
1.700000000000e-01 3.871419498032e-03
1.710000000000e-01 3.891432291048e-03
1.720000000000e-01 3.911418151034e-03
1.730000000000e-01 3.931377167592e-03
1.740000000000e-01 3.951309429522e-03
1.750000000000e-01 3.971215024820e-03
1.760000000000e-01 3.991094040680e-03
1.770000000000e-01 4.010946563489e-03
1.780000000000e-01 4.030772678830e-03
1.790000000000e-01 4.050572471477e-03
1.800000000000e-01 4.070346025399e-03
1.810000000000e-01 4.090093423752e-03
1.820000000000e-01 4.109814748885e-03
1.830000000000e-01 4.129510082334e-03
1.840000000000e-01 4.149179504824e-03
1.850000000000e-01 4.168823096267e-03
1.860000000000e-01 4.188440935758e-03
1.870000000000e-01 4.208033101579e-03
1.880000000000e-01 4.227599671197e-03
1.890000000000e-01 4.247140721257e-03
1.900000000000e-01 4.266656327589e-03
1.910000000000e-01 4.286146565202e-03
1.920000000000e-01 4.305611508286e-03
1.930000000000e-01 4.325051230207e-03
1.940000000000e-01 4.344465803508e-03
1.950000000000e-01 4.363855299912e-03
1.960000000000e-01 4.383219790312e-03
1.970000000000e-01 4.402559344778e-03
1.980000000000e-01 4.421874032554e-03
1.990000000000e-01 4.441163922051e-03
2.000000000000e-01 4.460429080857e-03
2.010000000000e-01 4.479669575726e-03
2.020000000000e-01 4.498885472580e-03
2.030000000000e-01 4.518076836512e-03
2.040000000000e-01 4.537243731779e-03
2.050000000000e-01 4.556386221803e-03
2.060000000000e-01 4.575504369172e-03
2.070000000000e-01 4.594598235636e-03
2.080000000000e-01 4.613667882109e-03
2.090000000000e-01 4.632713368665e-03
2.100000000000e-01 4.651734754537e-03
2.110000000000e-01 4.670732098119e-03
2.120000000000e-01 4.689705456961e-03
2.130000000000e-01 4.708654887771e-03
2.140000000000e-01 4.727580446413e-03
2.150000000000e-01 4.746482187905e-03
2.160000000000e-01 4.765360166418e-03
2.170000000000e-01 4.784214435276e-03
2.180000000000e-01 4.803045046955e-03
2.190000000000e-01 4.821852053080e-03
2.200000000000e-01 4.840635504427e-03
2.210000000000e-01 4.859395450917e-03
2.220000000000e-01 4.878131941622e-03
2.230000000000e-01 4.896845024757e-03
2.240000000000e-01 4.915534747682e-03
2.250000000000e-01 4.934201156902e-03
2.260000000000e-01 4.952844298064e-03
2.270000000000e-01 4.971464215956e-03
2.280000000000e-01 4.990060954507e-03
2.290000000000e-01 5.008634556785e-03
2.300000000000e-01 5.027185064996e-03
2.310000000000e-01 5.045712520484e-03
2.320000000000e-01 5.064216963727e-03
2.330000000000e-01 5.082698434341e-03
2.340000000000e-01 5.101156971072e-03
2.350000000000e-01 5.119592611802e-03
2.360000000000e-01 5.138005393543e-03
2.370000000000e-01 5.156395352436e-03
2.380000000000e-01 5.174762523754e-03
2.390000000000e-01 5.193106941897e-03
2.400000000000e-01 5.211428640391e-03
2.410000000000e-01 5.229727651890e-03
2.420000000000e-01 5.248004008171e-03
2.430000000000e-01 5.266257740136e-03
2.440000000000e-01 5.284488877808e-03
2.450000000000e-01 5.302697450334e-03
2.460000000000e-01 5.320883485980e-03
2.470000000000e-01 5.339047012129e-03
2.480000000000e-01 5.357188055286e-03
2.490000000000e-01 5.375306641069e-03
2.500000000000e-01 5.393402794216e-03
2.510000000000e-01 5.411476538577e-03
2.520000000000e-01 5.429527897116e-03
2.530000000000e-01 5.447556891908e-03
2.540000000000e-01 5.465563544143e-03
2.550000000000e-01 5.483547874118e-03
2.560000000000e-01 5.501509901239e-03
2.570000000000e-01 5.519449644022e-03
2.580000000000e-01 5.537367120089e-03
2.590000000000e-01 5.555262346166e-03
2.600000000000e-01 5.573135338085e-03
2.610000000000e-01 5.590986110780e-03
2.620000000000e-01 5.608814678289e-03
2.630000000000e-01 5.626621053750e-03
2.640000000000e-01 5.644405249401e-03
2.650000000000e-01 5.662167276578e-03
2.660000000000e-01 5.679907145715e-03
2.670000000000e-01 5.697624866342e-03
2.680000000000e-01 5.715320447087e-03
2.690000000000e-01 5.732993895668e-03
2.700000000000e-01 5.750645218898e-03
2.710000000000e-01 5.768274422682e-03
2.720000000000e-01 5.785881512015e-03
2.730000000000e-01 5.803466490982e-03
2.740000000000e-01 5.821029362756e-03
2.750000000000e-01 5.838570129596e-03
2.760000000000e-01 5.856088792849e-03
2.770000000000e-01 5.873585352946e-03
2.780000000000e-01 5.891059809402e-03
2.790000000000e-01 5.908512160813e-03
2.800000000000e-01 5.925942404857e-03
2.810000000000e-01 5.943350538294e-03
2.820000000000e-01 5.960736556960e-03
2.830000000000e-01 5.978100455771e-03
2.840000000000e-01 5.995442228719e-03
2.850000000000e-01 6.012761868870e-03
2.860000000000e-01 6.030059368367e-03
2.870000000000e-01 6.047334718424e-03
2.880000000000e-01 6.064587909327e-03
2.890000000000e-01 6.081818930434e-03
2.900000000000e-01 6.099027770171e-03
2.910000000000e-01 6.116214416033e-03
2.920000000000e-01 6.133378854583e-03
2.930000000000e-01 6.150521071450e-03
2.940000000000e-01 6.167641051325e-03
2.950000000000e-01 6.184738777966e-03
2.960000000000e-01 6.201814234192e-03
2.970000000000e-01 6.218867401883e-03
2.980000000000e-01 6.235898261979e-03
2.990000000000e-01 6.252906794479e-03
3.000000000000e-01 6.269892978441e-03
3.010000000000e-01 6.286856791977e-03
3.020000000000e-01 6.303798212256e-03
3.030000000000e-01 6.320717215501e-03
3.040000000000e-01 6.337613776986e-03
3.050000000000e-01 6.354487871038e-03
3.060000000000e-01 6.371339471036e-03
3.070000000000e-01 6.388168549405e-03
3.080000000000e-01 6.404975077620e-03
3.090000000000e-01 6.421759026203e-03
3.100000000000e-01 6.438520364720e-03
3.110000000000e-01 6.455259061783e-03
3.120000000000e-01 6.471975085046e-03
3.130000000000e-01 6.488668401207e-03
3.140000000000e-01 6.505338976001e-03
3.150000000000e-01 6.521986774207e-03
3.160000000000e-01 6.538611759638e-03
3.170000000000e-01 6.555213895148e-03
3.180000000000e-01 6.571793142623e-03
3.190000000000e-01 6.588349462988e-03
3.200000000000e-01 6.604882816197e-03
3.210000000000e-01 6.621393161239e-03
3.220000000000e-01 6.637880456133e-03
3.230000000000e-01 6.654344657929e-03
3.240000000000e-01 6.670785722703e-03
3.250000000000e-01 6.687203605560e-03
3.260000000000e-01 6.703598260631e-03
3.270000000000e-01 6.719969641072e-03
3.280000000000e-01 6.736317699061e-03
3.290000000000e-01 6.752642385801e-03
3.300000000000e-01 6.768943651513e-03
3.310000000000e-01 6.785221445440e-03
3.320000000000e-01 6.801475715843e-03
3.330000000000e-01 6.817706410000e-03
3.340000000000e-01 6.833913474206e-03
3.350000000000e-01 6.850096853771e-03
3.360000000000e-01 6.866256493016e-03
3.370000000000e-01 6.882392335278e-03
3.380000000000e-01 6.898504322903e-03
3.390000000000e-01 6.914592397247e-03
3.400000000000e-01 6.930656498675e-03
3.410000000000e-01 6.946696566560e-03
3.420000000000e-01 6.962712539280e-03
3.430000000000e-01 6.978704354219e-03
3.440000000000e-01 6.994671947763e-03
3.450000000000e-01 7.010615255302e-03
3.460000000000e-01 7.026534211226e-03
3.470000000000e-01 7.042428748925e-03
3.480000000000e-01 7.058298800788e-03
3.490000000000e-01 7.074144298201e-03
3.500000000000e-01 7.089965171546e-03
3.510000000000e-01 7.105761350200e-03
3.520000000000e-01 7.121532762532e-03
3.530000000000e-01 7.137279335906e-03
3.540000000000e-01 7.153000996675e-03
3.550000000000e-01 7.168697670181e-03
3.560000000000e-01 7.184369280757e-03
3.570000000000e-01 7.200015751720e-03
3.580000000000e-01 7.215637005374e-03
3.590000000000e-01 7.231232963010e-03
3.600000000000e-01 7.246803544898e-03
3.610000000000e-01 7.262348670294e-03
3.620000000000e-01 7.277868257431e-03
3.630000000000e-01 7.293362223524e-03
3.640000000000e-01 7.308830484764e-03
3.650000000000e-01 7.324272956322e-03
3.660000000000e-01 7.339689552342e-03
3.670000000000e-01 7.355080185942e-03
3.680000000000e-01 7.370444769215e-03
3.690000000000e-01 7.385783213224e-03
3.700000000000e-01 7.401095428002e-03
3.710000000000e-01 7.416381322552e-03
3.720000000000e-01 7.431640804845e-03
3.730000000000e-01 7.446873781819e-03
3.740000000000e-01 7.462080159374e-03
3.750000000000e-01 7.477259842378e-03
3.760000000000e-01 7.492412734658e-03
3.770000000000e-01 7.507538739004e-03
3.780000000000e-01 7.522637757167e-03
3.790000000000e-01 7.537709689853e-03
3.800000000000e-01 7.552754436729e-03
3.810000000000e-01 7.567771896417e-03
3.820000000000e-01 7.582761966492e-03
3.830000000000e-01 7.597724543483e-03
3.840000000000e-01 7.612659522873e-03
3.850000000000e-01 7.627566799093e-03
3.860000000000e-01 7.642446265526e-03
3.870000000000e-01 7.657297814500e-03
3.880000000000e-01 7.672121337292e-03
3.890000000000e-01 7.686916724123e-03
3.900000000000e-01 7.701683864161e-03
3.910000000000e-01 7.716422645512e-03
3.920000000000e-01 7.731132955227e-03
3.930000000000e-01 7.745814679297e-03
3.940000000000e-01 7.760467702649e-03
3.950000000000e-01 7.775091909150e-03
3.960000000000e-01 7.789687181602e-03
3.970000000000e-01 7.804253401743e-03
3.980000000000e-01 7.818790450242e-03
3.990000000000e-01 7.833298206701e-03
4.000000000000e-01 7.847776549655e-03
4.010000000000e-01 7.862225356565e-03
4.020000000000e-01 7.876644503822e-03
4.030000000000e-01 7.891033866742e-03
4.040000000000e-01 7.905393319569e-03
4.050000000000e-01 7.919722735469e-03
4.060000000000e-01 7.934021986530e-03
4.070000000000e-01 7.948290943762e-03
4.080000000000e-01 7.962529477096e-03
4.090000000000e-01 7.976737455381e-03
4.100000000000e-01 7.990914746381e-03
4.110000000000e-01 8.005061216779e-03
4.120000000000e-01 8.019176732171e-03
4.130000000000e-01 8.033261157065e-03
4.140000000000e-01 8.047314354883e-03
4.150000000000e-01 8.061336187956e-03
4.160000000000e-01 8.075326517522e-03
4.170000000000e-01 8.089285203732e-03
4.180000000000e-01 8.103212105637e-03
4.190000000000e-01 8.117107081197e-03
4.200000000000e-01 8.130969987275e-03
4.210000000000e-01 8.144800679634e-03
4.220000000000e-01 8.158599012940e-03
4.230000000000e-01 8.172364840756e-03
4.240000000000e-01 8.186098015546e-03
4.250000000000e-01 8.199798388668e-03
4.260000000000e-01 8.213465810376e-03
4.270000000000e-01 8.227100129818e-03
4.280000000000e-01 8.240701195035e-03
4.290000000000e-01 8.254268852957e-03
4.300000000000e-01 8.267802949406e-03
4.310000000000e-01 8.281303329091e-03
4.320000000000e-01 8.294769835607e-03
4.330000000000e-01 8.308202311436e-03
4.340000000000e-01 8.321600597943e-03
4.350000000000e-01 8.334964535377e-03
4.360000000000e-01 8.348293962867e-03
4.370000000000e-01 8.361588718421e-03
4.380000000000e-01 8.374848638928e-03
4.390000000000e-01 8.388073560152e-03
4.400000000000e-01 8.401263316732e-03
4.410000000000e-01 8.414417742184e-03
4.420000000000e-01 8.427536668894e-03
4.430000000000e-01 8.440619928121e-03
4.440000000000e-01 8.453667349993e-03
4.450000000000e-01 8.466678763507e-03
4.460000000000e-01 8.479653996527e-03
4.470000000000e-01 8.492592875782e-03
4.480000000000e-01 8.505495226868e-03
4.490000000000e-01 8.518360874240e-03
4.500000000000e-01 8.531189641216e-03
4.510000000000e-01 8.543981349975e-03
4.520000000000e-01 8.556735821554e-03
4.530000000000e-01 8.569452875846e-03
4.540000000000e-01 8.582132331602e-03
4.550000000000e-01 8.594774006424e-03
4.560000000000e-01 8.607377716769e-03
4.570000000000e-01 8.619943277946e-03
4.580000000000e-01 8.632470504111e-03
4.590000000000e-01 8.644959208273e-03
4.600000000000e-01 8.657409202284e-03
4.610000000000e-01 8.669820296843e-03
4.620000000000e-01 8.682192301493e-03
4.630000000000e-01 8.694525024621e-03
4.640000000000e-01 8.706818273454e-03
4.650000000000e-01 8.719071854058e-03
4.660000000000e-01 8.731285571339e-03
4.670000000000e-01 8.743459229040e-03
4.680000000000e-01 8.755592629737e-03
4.690000000000e-01 8.767685574844e-03
4.700000000000e-01 8.779737864603e-03
4.710000000000e-01 8.791749298090e-03
4.720000000000e-01 8.803719673211e-03
4.730000000000e-01 8.815648786698e-03
4.740000000000e-01 8.827536434110e-03
4.750000000000e-01 8.839382409833e-03
4.760000000000e-01 8.851186507075e-03
4.770000000000e-01 8.862948517867e-03
4.780000000000e-01 8.874668233061e-03
4.790000000000e-01 8.886345442327e-03
4.800000000000e-01 8.897979934154e-03
4.810000000000e-01 8.909571495848e-03
4.820000000000e-01 8.921119913528e-03
4.830000000000e-01 8.932624972127e-03
4.840000000000e-01 8.944086455390e-03
4.850000000000e-01 8.955504145874e-03
4.860000000000e-01 8.966877824942e-03
4.870000000000e-01 8.978207272767e-03
4.880000000000e-01 8.989492268325e-03
4.890000000000e-01 9.000732589401e-03
4.900000000000e-01 9.011928012577e-03
4.910000000000e-01 9.023078313243e-03
4.920000000000e-01 9.034183265582e-03
4.930000000000e-01 9.045242642582e-03
4.940000000000e-01 9.056256216023e-03
4.950000000000e-01 9.067223756483e-03
4.960000000000e-01 9.078145033333e-03
4.970000000000e-01 9.089019814738e-03
4.980000000000e-01 9.099847867650e-03
4.990000000000e-01 9.110628957815e-03
5.000000000000e-01 9.121362849765e-03
5.010000000000e-01 9.132049306816e-03
5.020000000000e-01 9.142688091073e-03
5.030000000000e-01 9.153278963422e-03
5.040000000000e-01 9.163821683531e-03
5.050000000000e-01 9.174316009848e-03
5.060000000000e-01 9.184761699600e-03
5.070000000000e-01 9.195158508793e-03
5.080000000000e-01 9.205506192205e-03
5.090000000000e-01 9.215804503392e-03
5.100000000000e-01 9.226053194679e-03
5.110000000000e-01 9.236252017166e-03
5.120000000000e-01 9.246400720719e-03
5.130000000000e-01 9.256499053974e-03
5.140000000000e-01 9.266546764333e-03
5.150000000000e-01 9.276543597963e-03
5.160000000000e-01 9.286489299795e-03
5.170000000000e-01 9.296383613520e-03
5.180000000000e-01 9.306226281592e-03
5.190000000000e-01 9.316017045221e-03
5.200000000000e-01 9.325755644376e-03
5.210000000000e-01 9.335441817780e-03
5.220000000000e-01 9.345075302914e-03
5.230000000000e-01 9.354655836006e-03
5.240000000000e-01 9.364183152038e-03
5.250000000000e-01 9.373656984743e-03
5.260000000000e-01 9.383077066599e-03
5.270000000000e-01 9.392443128830e-03
5.280000000000e-01 9.401754901408e-03
5.290000000000e-01 9.411012113046e-03
5.300000000000e-01 9.420214491197e-03
5.310000000000e-01 9.429361762057e-03
5.320000000000e-01 9.438453650560e-03
5.330000000000e-01 9.447489880375e-03
5.340000000000e-01 9.456470173908e-03
5.350000000000e-01 9.465394252297e-03
5.360000000000e-01 9.474261835414e-03
5.370000000000e-01 9.483072641861e-03
5.380000000000e-01 9.491826388969e-03
5.390000000000e-01 9.500522792795e-03
5.400000000000e-01 9.509161568124e-03
5.410000000000e-01 9.517742428463e-03
5.420000000000e-01 9.526265086044e-03
5.430000000000e-01 9.534729251818e-03
5.440000000000e-01 9.543134635456e-03
5.450000000000e-01 9.551480945346e-03
5.460000000000e-01 9.559767888595e-03
5.470000000000e-01 9.567995171022e-03
5.480000000000e-01 9.576162497159e-03
5.490000000000e-01 9.584269570252e-03
5.500000000000e-01 9.592316092253e-03
5.510000000000e-01 9.600301763824e-03
5.520000000000e-01 9.608226284335e-03
5.530000000000e-01 9.616089351860e-03
5.540000000000e-01 9.623890663174e-03
5.550000000000e-01 9.631629913757e-03
5.560000000000e-01 9.639306797787e-03
5.570000000000e-01 9.646921008143e-03
5.580000000000e-01 9.654472236397e-03
5.590000000000e-01 9.661960172820e-03
5.600000000000e-01 9.669384506374e-03
5.610000000000e-01 9.676744924714e-03
5.620000000000e-01 9.684041114185e-03
5.630000000000e-01 9.691272759822e-03
5.640000000000e-01 9.698439545345e-03
5.650000000000e-01 9.705541153161e-03
5.660000000000e-01 9.712577264360e-03
5.670000000000e-01 9.719547558714e-03
5.680000000000e-01 9.726451714677e-03
5.690000000000e-01 9.733289409380e-03
5.700000000000e-01 9.740060318632e-03
5.710000000000e-01 9.746764116918e-03
5.720000000000e-01 9.753400477397e-03
5.730000000000e-01 9.759969071898e-03
5.740000000000e-01 9.766469570923e-03
5.750000000000e-01 9.772901643643e-03
5.760000000000e-01 9.779264957895e-03
5.770000000000e-01 9.785559180183e-03
5.780000000000e-01 9.791783975672e-03
5.790000000000e-01 9.797939008194e-03
5.800000000000e-01 9.804023940238e-03
5.810000000000e-01 9.810038432952e-03
5.820000000000e-01 9.815982146144e-03
5.830000000000e-01 9.821854738276e-03
5.840000000000e-01 9.827655866462e-03
5.850000000000e-01 9.833385186472e-03
5.860000000000e-01 9.839042352723e-03
5.870000000000e-01 9.844627018285e-03
5.880000000000e-01 9.850138834870e-03
5.890000000000e-01 9.855577452841e-03
5.900000000000e-01 9.860942521200e-03
5.910000000000e-01 9.866233687595e-03
5.920000000000e-01 9.871450598312e-03
5.930000000000e-01 9.876592898276e-03
5.940000000000e-01 9.881660231051e-03
5.950000000000e-01 9.886652238835e-03
5.960000000000e-01 9.891568562458e-03
5.970000000000e-01 9.896408841385e-03
5.980000000000e-01 9.901172713710e-03
5.990000000000e-01 9.905859816155e-03
6.000000000000e-01 9.910469784069e-03
6.010000000000e-01 9.915002251427e-03
6.020000000000e-01 9.919456850827e-03
6.030000000000e-01 9.923833213488e-03
6.040000000000e-01 9.928130969250e-03
6.050000000000e-01 9.932349746571e-03
6.060000000000e-01 9.936489172525e-03
6.070000000000e-01 9.940548872801e-03
6.080000000000e-01 9.944528471703e-03
6.090000000000e-01 9.948427592143e-03
6.100000000000e-01 9.952245855644e-03
6.110000000000e-01 9.955982882340e-03
6.120000000000e-01 9.959638290965e-03
6.130000000000e-01 9.963211698864e-03
6.140000000000e-01 9.966702721979e-03
6.150000000000e-01 9.970110974858e-03
6.160000000000e-01 9.973436070644e-03
6.170000000000e-01 9.976677621081e-03
6.180000000000e-01 9.979835236505e-03
6.190000000000e-01 9.982908525850e-03
6.200000000000e-01 9.985897096639e-03
6.210000000000e-01 9.988800554987e-03
6.220000000000e-01 9.991618505598e-03
6.230000000000e-01 9.994350551763e-03
6.240000000000e-01 9.996996295356e-03
6.250000000000e-01 9.999555336838e-03
6.260000000000e-01 1.000202727525e-02
6.270000000000e-01 1.000441170821e-02
6.280000000000e-01 1.000670823192e-02
6.290000000000e-01 1.000891644115e-02
6.300000000000e-01 1.001103592926e-02
6.310000000000e-01 1.001306628816e-02
6.320000000000e-01 1.001500710835e-02
6.330000000000e-01 1.001685797890e-02
6.340000000000e-01 1.001861848743e-02
6.350000000000e-01 1.002028822015e-02
6.360000000000e-01 1.002186676180e-02
6.370000000000e-01 1.002335369572e-02
6.380000000000e-01 1.002474860378e-02
6.390000000000e-01 1.002605106643e-02
6.400000000000e-01 1.002726066267e-02
6.410000000000e-01 1.002837697004e-02
6.420000000000e-01 1.002939956467e-02
6.430000000000e-01 1.003032802119e-02
6.440000000000e-01 1.003116191283e-02
6.450000000000e-01 1.003190081133e-02
6.460000000000e-01 1.003254428699e-02
6.470000000000e-01 1.003309190867e-02
6.480000000000e-01 1.003354324375e-02
6.490000000000e-01 1.003389785816e-02
6.500000000000e-01 1.003415531636e-02
6.510000000000e-01 1.003431518136e-02
6.520000000000e-01 1.003437701469e-02
6.530000000000e-01 1.003434037643e-02
6.540000000000e-01 1.003420482519e-02
6.550000000000e-01 1.003396991809e-02
6.560000000000e-01 1.003363521080e-02
6.570000000000e-01 1.003320025750e-02
6.580000000000e-01 1.003266461091e-02
6.590000000000e-01 1.003202782225e-02
6.600000000000e-01 1.003128944129e-02
6.610000000000e-01 1.003044901629e-02
6.620000000000e-01 1.002950609404e-02
6.630000000000e-01 1.002846021985e-02
6.640000000000e-01 1.002731093753e-02
6.650000000000e-01 1.002605778942e-02
6.660000000000e-01 1.002470031634e-02
6.670000000000e-01 1.002323805765e-02
6.680000000000e-01 1.002167055120e-02
6.690000000000e-01 1.001999733334e-02
6.700000000000e-01 1.001821793892e-02
6.710000000000e-01 1.001633190131e-02
6.720000000000e-01 1.001433875235e-02
6.730000000000e-01 1.001223802241e-02
6.740000000000e-01 1.001002924032e-02
6.750000000000e-01 1.000771193343e-02
6.760000000000e-01 1.000528562756e-02
6.770000000000e-01 1.000274984702e-02
6.780000000000e-01 1.000010411464e-02
6.790000000000e-01 9.997347951691e-03
6.800000000000e-01 9.994480877951e-03
6.810000000000e-01 9.991502411674e-03
6.820000000000e-01 9.988412069595e-03
6.830000000000e-01 9.985209366925e-03
6.840000000000e-01 9.981893817352e-03
6.850000000000e-01 9.978464933035e-03
6.860000000000e-01 9.974922224608e-03
6.870000000000e-01 9.971265201174e-03
6.880000000000e-01 9.967493370304e-03
6.890000000000e-01 9.963606238035e-03
6.900000000000e-01 9.959603308867e-03
6.910000000000e-01 9.955484085765e-03
6.920000000000e-01 9.951248070152e-03
6.930000000000e-01 9.946894761911e-03
6.940000000000e-01 9.942423659382e-03
6.950000000000e-01 9.937834259358e-03
6.960000000000e-01 9.933126057086e-03
6.970000000000e-01 9.928298546263e-03
6.980000000000e-01 9.923351219036e-03
6.990000000000e-01 9.918283565998e-03
7.000000000000e-01 9.913095076187e-03
7.010000000000e-01 9.907785237086e-03
7.020000000000e-01 9.902353534617e-03
7.030000000000e-01 9.896799453142e-03
7.040000000000e-01 9.891122475460e-03
7.050000000000e-01 9.885322082807e-03
7.060000000000e-01 9.879397754850e-03
7.070000000000e-01 9.873348969689e-03
7.080000000000e-01 9.867175203854e-03
7.090000000000e-01 9.860875932301e-03
7.100000000000e-01 9.854450628412e-03
7.110000000000e-01 9.847898763995e-03
7.120000000000e-01 9.841219809275e-03
7.130000000000e-01 9.834413232903e-03
7.140000000000e-01 9.827478501942e-03
7.150000000000e-01 9.820415081874e-03
7.160000000000e-01 9.813222436594e-03
7.170000000000e-01 9.805900028410e-03
7.180000000000e-01 9.798447318037e-03
7.190000000000e-01 9.790863764602e-03
7.200000000000e-01 9.783148825635e-03
7.210000000000e-01 9.775301957070e-03
7.220000000000e-01 9.767322613246e-03
7.230000000000e-01 9.759210246898e-03
7.240000000000e-01 9.750964309161e-03
7.250000000000e-01 9.742584249567e-03
7.260000000000e-01 9.734069516041e-03
7.270000000000e-01 9.725419554899e-03
7.280000000000e-01 9.716633810849e-03
7.290000000000e-01 9.707711726987e-03
7.300000000000e-01 9.698652744793e-03
7.310000000000e-01 9.689456304132e-03
7.320000000000e-01 9.680121843253e-03
7.330000000000e-01 9.670648798783e-03
7.340000000000e-01 9.661036605727e-03
7.350000000000e-01 9.651284697467e-03
7.360000000000e-01 9.641392505758e-03
7.370000000000e-01 9.631359460727e-03
7.380000000000e-01 9.621184990873e-03
7.390000000000e-01 9.610868523061e-03
7.400000000000e-01 9.600409482521e-03
7.410000000000e-01 9.589807292850e-03
7.420000000000e-01 9.579061376004e-03
7.430000000000e-01 9.568171152300e-03
7.440000000000e-01 9.557136040412e-03
7.450000000000e-01 9.545955457372e-03
7.460000000000e-01 9.534628818563e-03
7.470000000000e-01 9.523155537720e-03
7.480000000000e-01 9.511535026931e-03
7.490000000000e-01 9.499766696626e-03
7.500000000000e-01 9.487849955585e-03
7.510000000000e-01 9.475784210929e-03
7.520000000000e-01 9.463568868122e-03
7.530000000000e-01 9.451203330967e-03
7.540000000000e-01 9.438687001603e-03
7.550000000000e-01 9.426019280505e-03
7.560000000000e-01 9.413199566483e-03
7.570000000000e-01 9.400227256674e-03
7.580000000000e-01 9.387101746548e-03
7.590000000000e-01 9.373822429899e-03
7.600000000000e-01 9.360388698849e-03
7.610000000000e-01 9.346799943839e-03
7.620000000000e-01 9.333055553634e-03
7.630000000000e-01 9.319154915315e-03
7.640000000000e-01 9.305097414282e-03
7.650000000000e-01 9.290882434248e-03
7.660000000000e-01 9.276509357238e-03
7.670000000000e-01 9.261977563588e-03
7.680000000000e-01 9.247286431942e-03
7.690000000000e-01 9.232435339251e-03
7.700000000000e-01 9.217423660767e-03
7.710000000000e-01 9.202250770047e-03
7.720000000000e-01 9.186916038947e-03
7.730000000000e-01 9.171418837619e-03
7.740000000000e-01 9.155758534512e-03
7.750000000000e-01 9.139934496369e-03
7.760000000000e-01 9.123946088223e-03
7.770000000000e-01 9.107792673395e-03
7.780000000000e-01 9.091473613497e-03
7.790000000000e-01 9.074988268423e-03
7.800000000000e-01 9.058335996348e-03
7.810000000000e-01 9.041516153733e-03
7.820000000000e-01 9.024528095313e-03
7.830000000000e-01 9.007371174101e-03
7.840000000000e-01 8.990044741384e-03
7.850000000000e-01 8.972548146721e-03
7.860000000000e-01 8.954880737942e-03
7.870000000000e-01 8.937041861143e-03
7.880000000000e-01 8.919030860688e-03
7.890000000000e-01 8.900847079201e-03
7.900000000000e-01 8.882489857572e-03
7.910000000000e-01 8.863958534947e-03
7.920000000000e-01 8.845252448729e-03
7.930000000000e-01 8.826370934577e-03
7.940000000000e-01 8.807313326403e-03
7.950000000000e-01 8.788078956368e-03
7.960000000000e-01 8.768667154883e-03
7.970000000000e-01 8.749077250605e-03
7.980000000000e-01 8.729308570433e-03
7.990000000000e-01 8.709360439511e-03
8.000000000000e-01 8.689232181220e-03
8.010000000000e-01 8.668923117181e-03
8.020000000000e-01 8.648432567247e-03
8.030000000000e-01 8.627759849507e-03
8.040000000000e-01 8.606904280280e-03
8.050000000000e-01 8.585865174114e-03
8.060000000000e-01 8.564641843782e-03
8.070000000000e-01 8.543233600284e-03
8.080000000000e-01 8.521639752839e-03
8.090000000000e-01 8.499859608889e-03
8.100000000000e-01 8.477892474091e-03
8.110000000000e-01 8.455737652320e-03
8.120000000000e-01 8.433394445662e-03
8.130000000000e-01 8.410862154417e-03
8.140000000000e-01 8.388140077089e-03
8.150000000000e-01 8.365227510395e-03
8.160000000000e-01 8.342123749250e-03
8.170000000000e-01 8.318828086776e-03
8.180000000000e-01 8.295339814293e-03
8.190000000000e-01 8.271658221319e-03
8.200000000000e-01 8.247782595567e-03
8.210000000000e-01 8.223712222943e-03
8.220000000000e-01 8.199446387546e-03
8.230000000000e-01 8.174984371662e-03
8.240000000000e-01 8.150325455763e-03
8.250000000000e-01 8.125468918508e-03
8.260000000000e-01 8.100414036735e-03
8.270000000000e-01 8.075160085463e-03
8.280000000000e-01 8.049706337888e-03
8.290000000000e-01 8.024052065383e-03
8.300000000000e-01 7.998196537492e-03
8.310000000000e-01 7.972139021931e-03
8.320000000000e-01 7.945878784583e-03
8.330000000000e-01 7.919415089499e-03
8.340000000000e-01 7.892747198893e-03
8.350000000000e-01 7.865874373139e-03
8.360000000000e-01 7.838795870774e-03
8.370000000000e-01 7.811510948489e-03
8.380000000000e-01 7.784018861131e-03
8.390000000000e-01 7.756318861698e-03
8.400000000000e-01 7.728410201342e-03
8.410000000000e-01 7.700292129359e-03
8.420000000000e-01 7.671963893192e-03
8.430000000000e-01 7.643424738428e-03
8.440000000000e-01 7.614673908793e-03
8.450000000000e-01 7.585710646154e-03
8.460000000000e-01 7.556534190514e-03
8.470000000000e-01 7.527143780009e-03
8.480000000000e-01 7.497538650906e-03
8.490000000000e-01 7.467718037605e-03
8.500000000000e-01 7.437681172630e-03
8.510000000000e-01 7.407427286630e-03
8.520000000000e-01 7.376955608379e-03
8.530000000000e-01 7.346265364767e-03
8.540000000000e-01 7.315355780806e-03
8.550000000000e-01 7.284226079622e-03
8.560000000000e-01 7.252875482452e-03
8.570000000000e-01 7.221303208648e-03
8.580000000000e-01 7.189508475666e-03
8.590000000000e-01 7.157490499072e-03
8.600000000000e-01 7.125248492534e-03
8.610000000000e-01 7.092781667821e-03
8.620000000000e-01 7.060089234802e-03
8.630000000000e-01 7.027170401442e-03
8.640000000000e-01 6.994024373801e-03
8.650000000000e-01 6.960650356031e-03
8.660000000000e-01 6.927047550374e-03
8.670000000000e-01 6.893215157157e-03
8.680000000000e-01 6.859152374796e-03
8.690000000000e-01 6.824858399785e-03
8.700000000000e-01 6.790332426701e-03
8.710000000000e-01 6.755573648199e-03
8.720000000000e-01 6.720581255007e-03
8.730000000000e-01 6.685354435929e-03
8.740000000000e-01 6.649892377837e-03
8.750000000000e-01 6.614194265673e-03
8.760000000000e-01 6.578259282444e-03
8.770000000000e-01 6.542086609220e-03
8.780000000000e-01 6.505675425134e-03
8.790000000000e-01 6.469024907375e-03
8.800000000000e-01 6.432134231190e-03
8.810000000000e-01 6.395002569880e-03
8.820000000000e-01 6.357629094796e-03
8.830000000000e-01 6.320012975339e-03
8.840000000000e-01 6.282153378956e-03
8.850000000000e-01 6.244049471139e-03
8.860000000000e-01 6.205700415420e-03
8.870000000000e-01 6.167105373374e-03
8.880000000000e-01 6.128263504607e-03
8.890000000000e-01 6.089173966766e-03
8.900000000000e-01 6.049835915525e-03
8.910000000000e-01 6.010248504590e-03
8.920000000000e-01 5.970410885693e-03
8.930000000000e-01 5.930322208592e-03
8.940000000000e-01 5.889981621065e-03
8.950000000000e-01 5.849388268913e-03
8.960000000000e-01 5.808541295952e-03
8.970000000000e-01 5.767439844013e-03
8.980000000000e-01 5.726083052939e-03
8.990000000000e-01 5.684470060585e-03
9.000000000000e-01 5.642600002812e-03
9.010000000000e-01 5.600472013486e-03
9.020000000000e-01 5.558085224476e-03
9.030000000000e-01 5.515438765651e-03
9.040000000000e-01 5.472531764877e-03
9.050000000000e-01 5.429363348016e-03
9.060000000000e-01 5.385932638921e-03
9.070000000000e-01 5.342238759438e-03
9.080000000000e-01 5.298280829397e-03
9.090000000000e-01 5.254057966617e-03
9.100000000000e-01 5.209569286897e-03
9.110000000000e-01 5.164813904016e-03
9.120000000000e-01 5.119790929733e-03
9.130000000000e-01 5.074499473780e-03
9.140000000000e-01 5.028938643862e-03
9.150000000000e-01 4.983107545654e-03
9.160000000000e-01 4.937005282801e-03
9.170000000000e-01 4.890630956909e-03
9.180000000000e-01 4.843983667550e-03
9.190000000000e-01 4.797062512254e-03
9.200000000000e-01 4.749866586509e-03
9.210000000000e-01 4.702394983760e-03
9.220000000000e-01 4.654646795401e-03
9.230000000000e-01 4.606621110778e-03
9.240000000000e-01 4.558317017185e-03
9.250000000000e-01 4.509733599858e-03
9.260000000000e-01 4.460869941979e-03
9.270000000000e-01 4.411725124666e-03
9.280000000000e-01 4.362298226978e-03
9.290000000000e-01 4.312588325905e-03
9.300000000000e-01 4.262594496371e-03
9.310000000000e-01 4.212315811231e-03
9.320000000000e-01 4.161751341263e-03
9.330000000000e-01 4.110900155172e-03
9.340000000000e-01 4.059761319586e-03
9.350000000000e-01 4.008333899048e-03
9.360000000000e-01 3.956616956023e-03
9.370000000000e-01 3.904609550885e-03
9.380000000000e-01 3.852310741923e-03
9.390000000000e-01 3.799719585334e-03
9.400000000000e-01 3.746835135220e-03
9.410000000000e-01 3.693656443589e-03
9.420000000000e-01 3.640182560347e-03
9.430000000000e-01 3.586412533302e-03
9.440000000000e-01 3.532345408156e-03
9.450000000000e-01 3.477980228505e-03
9.460000000000e-01 3.423316035834e-03
9.470000000000e-01 3.368351869518e-03
9.480000000000e-01 3.313086766818e-03
9.490000000000e-01 3.257519762875e-03
9.500000000000e-01 3.201649890712e-03
9.510000000000e-01 3.145476181231e-03
9.520000000000e-01 3.088997663207e-03
9.530000000000e-01 3.032213363287e-03
9.540000000000e-01 2.975122305989e-03
9.550000000000e-01 2.917723513699e-03
9.560000000000e-01 2.860016006664e-03
9.570000000000e-01 2.801998802995e-03
9.580000000000e-01 2.743670918664e-03
9.590000000000e-01 2.685031367496e-03
9.600000000000e-01 2.626079161171e-03
9.610000000000e-01 2.566813309221e-03
9.620000000000e-01 2.507232819026e-03
9.630000000000e-01 2.447336695811e-03
9.640000000000e-01 2.387123942647e-03
9.650000000000e-01 2.326593560441e-03
9.660000000000e-01 2.265744547942e-03
9.670000000000e-01 2.204575901732e-03
9.680000000000e-01 2.143086616225e-03
9.690000000000e-01 2.081275683667e-03
9.700000000000e-01 2.019142094130e-03
9.710000000000e-01 1.956684835509e-03
9.720000000000e-01 1.893902893522e-03
9.730000000000e-01 1.830795251707e-03
9.740000000000e-01 1.767360891417e-03
9.750000000000e-01 1.703598791817e-03
9.760000000000e-01 1.639507929888e-03
9.770000000000e-01 1.575087280413e-03
9.780000000000e-01 1.510335815985e-03
9.790000000000e-01 1.445252506997e-03
9.800000000000e-01 1.379836321644e-03
9.810000000000e-01 1.314086225918e-03
9.820000000000e-01 1.248001183604e-03
9.830000000000e-01 1.181580156280e-03
9.840000000000e-01 1.114822103314e-03
9.850000000000e-01 1.047725981859e-03
9.860000000000e-01 9.802907468516e-04
9.870000000000e-01 9.125153510100e-04
9.880000000000e-01 8.443987448304e-04
9.890000000000e-01 7.759398765842e-04
9.900000000000e-01 7.071376923155e-04
9.910000000000e-01 6.379911358383e-04
9.920000000000e-01 5.684991487337e-04
9.930000000000e-01 4.986606703472e-04
9.940000000000e-01 4.284746377859e-04
9.950000000000e-01 3.579399859155e-04
9.960000000000e-01 2.870556473580e-04
9.970000000000e-01 2.158205524885e-04
9.980000000000e-01 1.442336294327e-04
9.990000000000e-01 7.229380406376e-05
1.000000000000e+00 -2.000000000000e+00
